nodenumber,    x-coordinate,    y-coordinate,            c2h6
         1,5.000000000E-003,1.495000000E+000,5.000000000E-001
         2,7.068731585E-002,1.508940903E+000,2.910987437E-001
         3,4.403980658E-002,1.551726335E+000,2.072566748E-001
         4,5.000000000E-003,1.505000000E+000,5.000000000E-001
         5,0.000000000E+000,1.401562500E+000,0.000000000E+000
         6,4.885011125E-002,1.420179041E+000,3.363397717E-002
         7,0.000000000E+000,1.308125000E+000,0.000000000E+000
         8,7.311745740E-002,1.332834160E+000,1.226459350E-002
         9,0.000000000E+000,1.214687500E+000,0.000000000E+000
        10,9.163935468E-002,1.233594264E+000,2.286065370E-003
        11,0.000000000E+000,1.121250000E+000,0.000000000E+000
        12,9.293068681E-002,1.130193112E+000,1.917360205E-004
        13,0.000000000E+000,1.027812500E+000,0.000000000E+000
        14,9.200790270E-002,1.032520923E+000,1.509939693E-007
        15,0.000000000E+000,9.343750000E-001,0.000000000E+000
        16,9.154873500E-002,9.374881323E-001,7.678819802E-010
        17,0.000000000E+000,8.409375000E-001,0.000000000E+000
        18,9.167399806E-002,8.433870407E-001,1.217795049E-011
        19,0.000000000E+000,7.475000000E-001,0.000000000E+000
        20,9.202744179E-002,7.495515556E-001,1.834454355E-013
        21,0.000000000E+000,6.540625000E-001,0.000000000E+000
        22,9.247372448E-002,6.558636677E-001,2.845753935E-015
        23,0.000000000E+000,5.606250000E-001,0.000000000E+000
        24,9.318908419E-002,5.623162447E-001,4.766175977E-017
        25,0.000000000E+000,4.671875000E-001,0.000000000E+000
        26,9.418217718E-002,4.688433463E-001,8.172407967E-019
        27,0.000000000E+000,3.737500000E-001,0.000000000E+000
        28,9.541534025E-002,3.753235534E-001,1.395986676E-020
        29,0.000000000E+000,2.803125000E-001,0.000000000E+000
        30,9.671003948E-002,2.816812100E-001,2.359265873E-022
        31,0.000000000E+000,1.868750000E-001,0.000000000E+000
        32,9.794447158E-002,1.878815348E-001,4.190834997E-024
        33,0.000000000E+000,9.343750000E-002,0.000000000E+000
        34,9.903156835E-002,9.396601986E-002,7.864872351E-026
        35,1.000000000E-001,0.000000000E+000,1.984732823E-027
        36,1.296169358E-001,1.544792676E+000,1.930985302E-001
        37,8.791972767E-002,1.609006182E+000,1.316423416E-001
        38,0.000000000E+000,1.604666667E+000,0.000000000E+000
        39,0.000000000E+000,1.704333333E+000,0.000000000E+000
        40,1.080148662E-001,1.444755429E+000,1.137259379E-001
        41,1.467218116E-001,1.365526554E+000,5.062809587E-002
        42,2.004344076E-001,1.258945830E+000,1.728305593E-002
        43,1.903731293E-001,1.134177214E+000,3.820070124E-004
        44,1.850594977E-001,1.033369404E+000,3.768751640E-007
        45,1.831936565E-001,9.384875433E-001,9.864264960E-010
        46,1.832964667E-001,8.449589326E-001,1.270477560E-011
        47,1.842018722E-001,7.514773118E-001,1.926502442E-013
        48,1.855417882E-001,6.579176590E-001,3.308585231E-015
        49,1.872827760E-001,5.643401717E-001,7.753690630E-017
        50,1.894343189E-001,4.707069784E-001,1.773068260E-018
        51,1.918078477E-001,3.769321486E-001,4.017106356E-020
        52,1.941776018E-001,2.829466657E-001,1.041224602E-021
        53,1.963314809E-001,1.887738361E-001,2.991972393E-023
        54,1.982661708E-001,9.442722923E-002,7.210843921E-025
        55,2.000000000E-001,0.000000000E+000,1.930419056E-026
        56,0.000000000E+000,2.900333333E+000,0.000000000E+000
        57,9.968951002E-002,2.900279686E+000,2.082121546E-030
        58,1.000000000E-001,3.000000000E+000,0.000000000E+000
        59,0.000000000E+000,2.800666667E+000,0.000000000E+000
        60,9.938784282E-002,2.800496682E+000,2.565520446E-028
        61,0.000000000E+000,2.701000000E+000,0.000000000E+000
        62,9.904535511E-002,2.700651168E+000,1.275726828E-026
        63,0.000000000E+000,2.601333333E+000,0.000000000E+000
        64,9.863369449E-002,2.600771921E+000,3.432903751E-025
        65,0.000000000E+000,2.501666667E+000,0.000000000E+000
        66,9.813047639E-002,2.500887636E+000,6.191127112E-024
        67,0.000000000E+000,2.402000000E+000,0.000000000E+000
        68,9.753055251E-002,2.401241585E+000,8.355823598E-023
        69,0.000000000E+000,2.302333333E+000,0.000000000E+000
        70,9.675921123E-002,2.301982994E+000,7.980663692E-022
        71,0.000000000E+000,2.202666667E+000,0.000000000E+000
        72,9.581920229E-002,2.203473636E+000,7.086283238E-022
        73,0.000000000E+000,2.103000000E+000,0.000000000E+000
        74,9.492835950E-002,2.105973350E+000,0.000000000E+000
        75,0.000000000E+000,2.003333333E+000,0.000000000E+000
        76,9.516299480E-002,2.010171472E+000,0.000000000E+000
        77,0.000000000E+000,1.903666667E+000,0.000000000E+000
        78,9.773096928E-002,1.916072999E+000,2.587517423E-010
        79,0.000000000E+000,1.804000000E+000,0.000000000E+000
        80,1.046013373E-001,1.823884243E+000,2.646352859E-010
        81,1.210841388E-001,1.734513284E+000,7.301764708E-005
        82,1.585703802E-001,1.651170293E+000,9.339499474E-002
        83,1.932784265E-001,1.581416991E+000,1.625002027E-001
        84,1.689688396E-001,1.480310834E+000,1.451584250E-001
        85,2.278424348E-001,1.518248758E+000,1.515406966E-001
        86,3.000000000E-001,0.000000000E+000,9.081252110E-026
        87,2.977260861E-001,9.484802243E-002,4.557118499E-024
        88,4.000000000E-001,0.000000000E+000,3.437833392E-025
        89,3.975684519E-001,9.514614137E-002,1.916831499E-023
        90,5.000000000E-001,0.000000000E+000,2.703935137E-025
        91,4.976510431E-001,9.537715493E-002,5.437472438E-023
        92,6.000000000E-001,0.000000000E+000,0.000000000E+000
        93,5.978152136E-001,9.558791154E-002,7.817636814E-022
        94,7.000000000E-001,0.000000000E+000,2.978772604E-022
        95,6.979197474E-001,9.590817765E-002,2.798940732E-020
        96,8.000000000E-001,0.000000000E+000,9.573581615E-021
        97,7.979717994E-001,9.642282942E-002,4.006644201E-019
        98,9.000000000E-001,0.000000000E+000,1.043849976E-019
        99,8.980519089E-001,9.710150517E-002,3.161862116E-018
       100,1.000000000E+000,0.000000000E+000,6.340503797E-019
       101,9.982132645E-001,9.782740336E-002,1.649252558E-017
       102,1.100000000E+000,0.000000000E+000,2.617740021E-018
       103,1.098453615E+000,9.848489320E-002,6.364587037E-017
       104,1.200000000E+000,0.000000000E+000,8.336449463E-018
       105,1.198737675E+000,9.900852077E-002,1.977924238E-016
       106,1.300000000E+000,0.000000000E+000,2.333700839E-017
       107,1.299024051E+000,9.938533769E-002,5.403188230E-016
       108,1.400000000E+000,0.000000000E+000,6.382804863E-017
       109,1.399281227E+000,9.963548423E-002,1.444022192E-015
       110,1.500000000E+000,0.000000000E+000,1.735176903E-016
       111,1.499492670E+000,9.979136044E-002,3.875561134E-015
       112,1.600000000E+000,0.000000000E+000,4.639346624E-016
       113,1.599654958E+000,9.988392508E-002,1.034681238E-014
       114,1.700000000E+000,0.000000000E+000,1.215684662E-015
       115,1.699772883E+000,9.993690568E-002,2.732973658E-014
       116,1.800000000E+000,0.000000000E+000,3.134575229E-015
       117,1.799854782E+000,9.996636617E-002,7.145963644E-014
       118,1.900000000E+000,0.000000000E+000,8.014337756E-015
       119,1.899909506E+000,9.998239816E-002,1.855251657E-013
       120,2.000000000E+000,0.000000000E+000,2.045507149E-014
       121,1.999944893E+000,9.999098639E-002,4.790494173E-013
       122,2.100000000E+000,0.000000000E+000,5.224554106E-014
       123,2.099967182E+000,9.999551215E-002,1.228307820E-012
       124,2.200000000E+000,0.000000000E+000,1.332069627E-013
       125,2.199981034E+000,9.999784248E-002,3.113795246E-012
       126,2.300000000E+000,0.000000000E+000,3.370875356E-013
       127,2.299989917E+000,9.999899015E-002,7.762105195E-012
       128,2.400000000E+000,0.000000000E+000,8.413900002E-013
       129,2.399996661E+000,9.999937915E-002,1.893842895E-011
       130,2.500000000E+000,0.000000000E+000,2.062536556E-012
       131,2.500004052E+000,9.999862817E-002,4.510804577E-011
       132,2.600000000E+000,0.000000000E+000,4.978260425E-012
       133,2.600015173E+000,9.999468687E-002,1.051694218E-010
       134,2.700000000E+000,0.000000000E+000,1.200938220E-011
       135,2.700033061E+000,9.998270116E-002,2.424093981E-010
       136,2.800000000E+000,0.000000000E+000,2.999565527E-011
       137,2.800059118E+000,9.995543823E-002,5.700460104E-010
       138,2.900000000E+000,0.000000000E+000,7.875573804E-011
       139,2.900091295E+000,9.990754210E-002,1.402886474E-009
       140,3.000000000E+000,0.000000000E+000,2.158916101E-010
       141,3.000124616E+000,9.984219836E-002,3.625989509E-009
       142,3.100000000E+000,0.000000000E+000,6.099448169E-010
       143,3.100155835E+000,9.977231454E-002,9.703429171E-009
       144,3.200000000E+000,0.000000000E+000,1.740805278E-009
       145,3.200188553E+000,9.970956414E-002,2.610169147E-008
       146,3.300000000E+000,0.000000000E+000,4.890861049E-009
       147,3.300226727E+000,9.965786037E-002,6.858901003E-008
       148,3.400000000E+000,0.000000000E+000,1.326761545E-008
       149,3.400265797E+000,9.961185986E-002,1.725733938E-007
       150,3.500000000E+000,0.000000000E+000,3.417262562E-008
       151,3.500291344E+000,9.958507260E-002,4.102169271E-007
       152,3.600000000E+000,0.000000000E+000,8.234719218E-008
       153,3.600285496E+000,9.958844769E-002,9.119606261E-007
       154,3.700000000E+000,0.000000000E+000,1.833341088E-007
       155,3.700246380E+000,9.963106929E-002,1.880730565E-006
       156,3.800000000E+000,0.000000000E+000,3.757258753E-007
       157,3.800187134E+000,9.970972574E-002,3.588860636E-006
       158,3.900000000E+000,0.000000000E+000,7.056388540E-007
       159,3.900100009E+000,9.983971998E-002,6.268299330E-006
       160,4.000000000E+000,1.000000000E-001,7.869927686E-006
       161,3.900000000E+000,3.000000000E+000,5.276170214E-006
       162,3.900094140E+000,2.900145918E+000,3.840950012E-005
       163,4.000000000E+000,2.900000000E+000,4.812796033E-005
       164,3.800000000E+000,3.000000000E+000,2.834752877E-006
       165,3.800157179E+000,2.900240848E+000,2.213254265E-005
       166,3.700000000E+000,3.000000000E+000,1.391868977E-006
       167,3.700202010E+000,2.900293312E+000,1.168216113E-005
       168,3.600000000E+000,3.000000000E+000,6.298726021E-007
       169,3.600225842E+000,2.900298548E+000,5.705910553E-006
       170,3.500000000E+000,3.000000000E+000,2.659602956E-007
       171,3.500225004E+000,2.900274724E+000,2.603753728E-006
       172,3.400000000E+000,3.000000000E+000,1.058808792E-007
       173,3.400201257E+000,2.900242942E+000,1.118434852E-006
       174,3.300000000E+000,3.000000000E+000,4.021547539E-008
       175,3.300167765E+000,2.900215022E+000,4.571262195E-007
       176,3.200000000E+000,3.000000000E+000,1.483715550E-008
       177,3.200138226E+000,2.900188571E+000,1.811662145E-007
       178,3.100000000E+000,3.000000000E+000,5.490937927E-009
       179,3.100116277E+000,2.900155914E+000,7.207874120E-008
       180,3.000000000E+000,3.000000000E+000,2.141093525E-009
       181,3.000097537E+000,2.900116914E+000,3.026168827E-008
       182,2.900000000E+000,3.000000000E+000,9.231359566E-010
       183,2.900078472E+000,2.900078738E+000,1.392895577E-008
       184,2.800000000E+000,3.000000000E+000,4.325846070E-010
       185,2.800059428E+000,2.900047992E+000,6.823434706E-009
       186,2.700000000E+000,3.000000000E+000,2.029486995E-010
       187,2.700042291E+000,2.900026822E+000,3.311205976E-009
       188,2.600000000E+000,3.000000000E+000,9.329332445E-011
       189,2.600028317E+000,2.900013927E+000,1.569595898E-009
       190,2.500000000E+000,3.000000000E+000,4.167509740E-011
       191,2.500017483E+000,2.900006812E+000,7.214413511E-010
       192,2.400000000E+000,3.000000000E+000,1.796480326E-011
       193,2.400008448E+000,2.900003261E+000,3.193318665E-010
       194,2.300000000E+000,3.000000000E+000,7.410948591E-012
       195,2.299998257E+000,2.900001860E+000,1.349899914E-010
       196,2.200000000E+000,3.000000000E+000,2.894009034E-012
       197,2.199981402E+000,2.900002095E+000,5.392107941E-011
       198,2.100000000E+000,3.000000000E+000,1.054969155E-012
       199,2.099948438E+000,2.900004756E+000,2.008384778E-011
       200,2.000000000E+000,3.000000000E+000,3.529556476E-013
       201,1.999885164E+000,2.900013839E+000,6.866893772E-012
       202,1.900000000E+000,3.000000000E+000,1.063323962E-013
       203,1.899774685E+000,2.900041533E+000,2.119871986E-012
       204,1.800000000E+000,3.000000000E+000,2.836226805E-014
       205,1.799606094E+000,2.900116818E+000,5.845894515E-013
       206,1.700000000E+000,3.000000000E+000,6.716786195E-015
       207,1.699391000E+000,2.900290082E+000,1.464294452E-013
       208,1.600000000E+000,3.000000000E+000,1.456342180E-015
       209,1.599182040E+000,2.900617639E+000,3.425320601E-014
       210,1.500000000E+000,3.000000000E+000,2.631890450E-016
       211,1.499084022E+000,2.901111762E+000,6.487837425E-015
       212,1.400000000E+000,3.000000000E+000,2.964570979E-017
       213,1.399221828E+000,2.901666142E+000,7.807820535E-016
       214,1.300000000E+000,3.000000000E+000,1.691272919E-018
       215,1.299616206E+000,2.902054052E+000,5.326049535E-017
       216,1.200000000E+000,3.000000000E+000,1.293028313E-019
       217,1.200111346E+000,2.902087791E+000,4.885202139E-018
       218,1.100000000E+000,3.000000000E+000,1.741929602E-020
       219,1.100503248E+000,2.901786895E+000,6.703360532E-019
       220,1.000000000E+000,3.000000000E+000,2.764249997E-021
       221,1.000688193E+000,2.901328335E+000,1.059778502E-019
       222,9.000000000E-001,3.000000000E+000,4.371809581E-022
       223,9.006712516E-001,2.900879493E+000,1.685442537E-020
       224,8.000000000E-001,3.000000000E+000,6.316323440E-023
       225,8.005026503E-001,2.900506436E+000,2.479390683E-021
       226,7.000000000E-001,3.000000000E+000,7.923957909E-024
       227,7.002303127E-001,2.900191369E+000,3.212241606E-022
       228,6.000000000E-001,3.000000000E+000,8.233012904E-025
       229,5.999199813E-001,2.899987133E+000,3.521290487E-023
       230,5.000000000E-001,3.000000000E+000,6.650884443E-026
       231,4.996321214E-001,2.899905558E+000,3.102937039E-024
       232,4.000000000E-001,3.000000000E+000,3.751896806E-027
       233,3.994465926E-001,2.899938034E+000,2.052058696E-025
       234,3.000000000E-001,3.000000000E+000,1.152754655E-028
       235,2.993973557E-001,2.900035214E+000,9.094567065E-027
       236,2.000000000E-001,3.000000000E+000,2.086327559E-031
       237,1.994911393E-001,2.900157643E+000,2.154488236E-028
       238,4.000000000E+000,2.000000000E-001,6.917496648E-005
       239,3.900168512E+000,1.997191324E-001,5.612597306E-005
       240,4.000000000E+000,3.000000000E-001,3.912321408E-004
       241,3.900176137E+000,2.996799739E-001,3.226251283E-004
       242,4.000000000E+000,4.000000000E-001,1.569325686E-003
       243,3.900150609E+000,3.997003350E-001,1.315853791E-003
       244,4.000000000E+000,5.000000000E-001,4.705386236E-003
       245,3.900115640E+000,4.997610660E-001,4.020593129E-003
       246,4.000000000E+000,6.000000000E-001,1.094406750E-002
       247,3.900084725E+000,5.998498549E-001,9.554916993E-003
       248,4.000000000E+000,7.000000000E-001,2.045827545E-002
       249,3.900065892E+000,6.999695734E-001,1.827195473E-002
       250,4.000000000E+000,8.000000000E-001,3.197116032E-002
       251,3.900072366E+000,8.001378625E-001,2.916254476E-002
       252,4.000000000E+000,9.000000000E-001,4.359821230E-002
       253,3.900141582E+000,9.003756823E-001,4.043229297E-002
       254,4.000000000E+000,1.000000000E+000,5.417719483E-002
       255,3.900345746E+000,1.000685629E+000,5.079329014E-002
       256,4.000000000E+000,1.100000000E+000,6.386990845E-002
       257,3.900770783E+000,1.101018099E+000,6.032796577E-002
       258,4.000000000E+000,1.200000000E+000,7.381244749E-002
       259,3.901447948E+000,1.201238583E+000,7.041008770E-002
       260,4.000000000E+000,1.300000000E+000,8.506656438E-002
       261,3.902256695E+000,1.301175284E+000,8.250097930E-002
       262,4.000000000E+000,1.400000000E+000,9.732501954E-002
       263,3.902915168E+000,1.400771367E+000,9.616671503E-002
       264,4.000000000E+000,1.500000000E+000,1.092144921E-001
       265,3.903163020E+000,1.500161864E+000,1.090944782E-001
       266,4.000000000E+000,1.600000000E+000,1.099827513E-001
       267,3.902944890E+000,1.599568169E+000,1.096861437E-001
       268,4.000000000E+000,1.700000000E+000,9.854663163E-002
       269,3.902400769E+000,1.699157935E+000,9.671598673E-002
       270,4.000000000E+000,1.800000000E+000,8.632608503E-002
       271,3.901743861E+000,1.798987992E+000,8.287481219E-002
       272,4.000000000E+000,1.900000000E+000,7.615257800E-002
       273,3.901146957E+000,1.899020051E+000,7.219062001E-002
       274,4.000000000E+000,2.000000000E+000,6.757936627E-002
       275,3.900693811E+000,1.999174306E+000,6.381307542E-002
       276,4.000000000E+000,2.100000000E+000,5.882500112E-002
       277,3.900393477E+000,2.099379111E+000,5.530992895E-002
       278,4.000000000E+000,2.200000000E+000,4.836701974E-002
       279,3.900219255E+000,2.199592353E+000,4.499495775E-002
       280,4.000000000E+000,2.300000000E+000,3.595807403E-002
       281,3.900138689E+000,2.299798657E+000,3.284783289E-002
       282,4.000000000E+000,2.400000000E+000,2.306245826E-002
       283,3.900123237E+000,2.399992767E+000,2.057315968E-002
       284,4.000000000E+000,2.500000000E+000,1.216601208E-002
       285,3.900148478E+000,2.500154266E+000,1.057562977E-002
       286,4.000000000E+000,2.600000000E+000,5.039305892E-003
       287,3.900177348E+000,2.600252070E+000,4.273588769E-003
       288,4.000000000E+000,2.700000000E+000,1.563883503E-003
       289,3.900179788E+000,2.700273570E+000,1.297523733E-003
       290,4.000000000E+000,2.800000000E+000,3.430354409E-004
       291,3.900142999E+000,2.800220634E+000,2.791776787E-004
       292,1.989544834E-001,2.800225521E+000,1.713656257E-026
       293,1.983301160E-001,2.700179011E+000,7.338559516E-025
       294,1.975242659E-001,2.600052021E+000,1.970326681E-023
       295,1.965348445E-001,2.500076192E+000,3.593094563E-022
       296,1.952726864E-001,2.400562325E+000,5.029795307E-021
       297,1.936789641E-001,2.302040329E+000,5.732635649E-020
       298,1.918102686E-001,2.204876022E+000,1.224231442E-019
       299,1.903864765E-001,2.109841308E+000,6.893467316E-020
       300,1.904630273E-001,2.017336676E+000,0.000000000E+000
       301,1.932809427E-001,1.927700161E+000,2.967287804E-010
       302,2.001266700E-001,1.840989260E+000,3.939942772E-008
       303,2.138484590E-001,1.758218824E+000,9.597399912E-005
       304,2.356730026E-001,1.680938499E+000,7.072728872E-002
       305,2.598258278E-001,1.612050579E+000,1.442927271E-001
       306,2.851072097E-001,1.551775920E+000,1.498137116E-001
       307,2.680671081E-001,1.460667307E+000,1.193285286E-001
       308,3.146932034E-001,1.501963189E+000,1.335007548E-001
       309,2.126271518E-001,1.413382573E+000,9.318252653E-002
       310,3.800294955E+000,1.995187540E-001,3.387065954E-005
       311,3.800318129E+000,2.994394692E-001,2.039595711E-004
       312,3.800285673E+000,3.994652047E-001,8.715324220E-004
       313,3.800229356E+000,4.995750532E-001,2.800646471E-003
       314,3.800177056E+000,5.997588881E-001,7.030687295E-003
       315,3.800148129E+000,7.000285440E-001,1.421577856E-002
       316,3.800178180E+000,8.004130925E-001,2.386510000E-002
       317,3.800346029E+000,9.009324383E-001,3.441248462E-002
       318,3.800783532E+000,1.001558527E+000,4.434009269E-002
       319,3.801634696E+000,1.102159751E+000,5.352827534E-002
       320,3.802928351E+000,1.202472447E+000,6.384915113E-002
       321,3.804407856E+000,1.302228971E+000,7.765153795E-002
       322,3.805566663E+000,1.401396519E+000,9.411937743E-002
       323,3.805979860E+000,1.500235599E+000,1.089402884E-001
       324,3.805571080E+000,1.599119429E+000,1.091088876E-001
       325,3.804582770E+000,1.698333682E+000,9.311583638E-002
       326,3.803381608E+000,1.797984280E+000,7.599923015E-002
       327,3.802272043E+000,1.898016882E+000,6.438492984E-002
       328,3.801411850E+000,1.998300248E+000,5.651571974E-002
       329,3.800830301E+000,2.098705180E+000,4.850424454E-002
       330,3.800487617E+000,2.199144147E+000,3.844636679E-002
       331,3.800323059E+000,2.299570989E+000,2.686871588E-002
       332,3.800280987E+000,2.399951537E+000,1.589854807E-002
       333,3.800301978E+000,2.500241966E+000,7.673084270E-003
       334,3.800326211E+000,2.600406121E+000,2.912701108E-003
       335,3.800317243E+000,2.700452944E+000,8.341894718E-004
       336,3.800252323E+000,2.800374452E+000,1.700171997E-004
       337,3.700341317E+000,2.800483805E+000,9.605805099E-005
       338,3.600389280E+000,2.800510333E+000,5.071937267E-005
       339,3.500392351E+000,2.800495685E+000,2.514312109E-005
       340,3.400359205E+000,2.800468784E+000,1.176917158E-005
       341,3.300315580E+000,2.800441832E+000,5.257771136E-006
       342,3.200281063E+000,2.800403189E+000,2.288076303E-006
       343,3.100254792E+000,2.800340963E+000,1.005743343E-006
       344,3.000225785E+000,2.800260286E+000,4.679656627E-007
       345,2.900189099E+000,2.800178890E+000,2.345529282E-007
       346,2.800148066E+000,2.800111748E+000,1.210668188E-007
       347,2.700108494E+000,2.800064260E+000,6.141643638E-008
       348,2.600074171E+000,2.800034475E+000,3.032225848E-008
       349,2.500045368E+000,2.800017682E+000,1.447186815E-008
       350,2.400018602E+000,2.800009581E+000,6.631982075E-009
       351,2.299986159E+000,2.800007507E+000,2.894821272E-009
       352,2.199934800E+000,2.800010550E+000,1.191561294E-009
       353,2.099844333E+000,2.800020512E+000,4.569289669E-010
       354,1.999688384E+000,2.800046238E+000,1.609655464E-010
       355,1.899441577E+000,2.800113724E+000,5.135874712E-011
       356,1.799097577E+000,2.800280023E+000,1.474373401E-011
       357,1.698696812E+000,2.800636301E+000,3.880481006E-012
       358,1.598353756E+000,2.801274903E+000,9.484358828E-013
       359,1.498263512E+000,2.802194112E+000,1.881513879E-013
       360,1.398607071E+000,2.803177601E+000,2.507928523E-014
       361,1.299354695E+000,2.803826859E+000,2.208933813E-015
       362,1.200229640E+000,2.803859703E+000,2.666227843E-016
       363,1.100916663E+000,2.803336266E+000,3.989163869E-017
       364,1.001242170E+000,2.802536790E+000,6.381834497E-018
       365,9.011834653E-001,2.801691649E+000,1.002509815E-018
       366,8.008136986E-001,2.800871949E+000,1.456438230E-019
       367,7.002697522E-001,2.800205300E+000,1.879133663E-020
       368,5.996536077E-001,2.799772996E+000,2.069991412E-021
       369,4.991255528E-001,2.799617695E+000,1.856473700E-022
       370,3.988115159E-001,2.799691885E+000,1.277006456E-023
       371,2.987647592E-001,2.799914860E+000,6.153510477E-025
       372,2.952133693E-001,1.895484178E-001,2.344637236E-022
       373,3.947602916E-001,1.902136405E-001,1.453408944E-021
       374,4.948308428E-001,1.907611336E-001,6.961446214E-021
       375,5.950785426E-001,1.913140166E-001,2.017288399E-019
       376,6.952880201E-001,1.920526773E-001,2.492852912E-018
       377,7.954649324E-001,1.931143867E-001,1.886252211E-017
       378,8.957253245E-001,1.944249152E-001,1.040796101E-016
       379,9.961347575E-001,1.957918355E-001,4.483816552E-016
       380,1.096676639E+000,1.970262753E-001,1.581924556E-015
       381,1.197285133E+000,1.980168880E-001,4.783807458E-015
       382,1.297886064E+000,1.987392829E-001,1.320014282E-014
       383,1.398423316E+000,1.992275849E-001,3.605199228E-014
       384,1.498867691E+000,1.995392246E-001,9.911284304E-014
       385,1.599213379E+000,1.997301560E-001,2.716658279E-013
       386,1.699469310E+000,1.998439921E-001,7.380221109E-013
       387,1.799651129E+000,1.999107963E-001,1.982398837E-012
       388,1.899775896E+000,1.999497386E-001,5.256326190E-012
       389,1.999859144E+000,1.999723292E-001,1.372005461E-011
       390,2.099913624E+000,1.999852589E-001,3.511495608E-011
       391,2.199949341E+000,1.999924509E-001,8.774214688E-011
       392,2.299974400E+000,1.999961548E-001,2.132513194E-010
       393,2.399996114E+000,1.999970988E-001,5.029083261E-010
       394,2.500021856E+000,1.999935195E-001,1.149764617E-009
       395,2.600058914E+000,1.999790854E-001,2.552060785E-009
       396,2.700112159E+000,1.999414498E-001,5.533943082E-009
       397,2.800179547E+000,1.998658628E-001,1.200489930E-008
       398,2.900249186E+000,1.997467961E-001,2.704406477E-008
       399,3.000304062E+000,1.996015400E-001,6.440598099E-008
       400,3.100338066E+000,1.994669422E-001,1.592802192E-007
       401,3.200365906E+000,1.993750014E-001,3.952400789E-007
       402,3.300402430E+000,1.993142676E-001,9.544371551E-007
       403,3.400442285E+000,1.992789458E-001,2.201464895E-006
       404,3.500459153E+000,1.992752982E-001,4.801308023E-006
       405,3.600433953E+000,1.993165608E-001,9.837296602E-006
       406,3.700365758E+000,1.994098198E-001,1.889385021E-005
       407,2.979507537E-001,2.699646570E+000,2.481252326E-023
       408,2.968600169E-001,2.599333105E+000,6.502590792E-022
       409,2.953960322E-001,2.499298667E+000,1.203563220E-020
       410,2.934737242E-001,2.400217570E+000,1.691256841E-019
       411,2.910611950E-001,2.302530436E+000,1.922888454E-018
       412,2.884597773E-001,2.206948533E+000,1.639760495E-017
       413,2.863530970E-001,2.114013061E+000,2.113530904E-016
       414,2.857670640E-001,2.024312647E+000,1.262040873E-013
       415,2.871243386E-001,1.937732913E+000,3.439084295E-010
       416,2.918748417E-001,1.854753668E+000,1.202250530E-007
       417,3.008688422E-001,1.775480331E+000,1.196727317E-004
       418,3.134836066E-001,1.700780352E+000,6.097026169E-002
       419,3.270287569E-001,1.632592199E+000,1.340557933E-001
       420,3.391260201E-001,1.574064210E+000,1.464226842E-001
       421,3.479658422E-001,1.531523284E+000,1.384333670E-001
       422,3.617348260E-001,1.466005782E+000,1.161449477E-001
       423,3.898576785E-001,1.517789152E+000,1.316481829E-001
       424,3.210895525E-001,1.410468387E+000,9.190725535E-002
       425,2.704922909E-001,1.346282069E+000,5.899317563E-002
       426,3.979633545E-001,2.699241739E+000,4.994777456E-022
       427,3.966680064E-001,2.598794777E+000,1.330321540E-020
       428,3.948224672E-001,2.498930934E+000,2.531458310E-019
       429,3.923318701E-001,2.400233005E+000,3.635405439E-018
       430,3.892601080E-001,2.303562673E+000,4.190964506E-017
       431,3.859809330E-001,2.209427725E+000,3.846341938E-016
       432,3.831476015E-001,2.118332094E+000,3.475071462E-015
       433,3.813248964E-001,2.030507551E+000,5.362477498E-013
       434,3.810954309E-001,1.946106260E+000,5.050086460E-010
       435,3.831262176E-001,1.864777872E+000,2.298279753E-007
       436,3.873750140E-001,1.786272602E+000,1.494153257E-004
       437,3.927703443E-001,1.710969410E+000,5.716560036E-002
       438,3.970979807E-001,1.640107666E+000,1.296290457E-001
       439,3.976089334E-001,1.575100621E+000,1.431343108E-001
       440,4.493197533E-001,1.499636728E+000,1.227521896E-001
       441,4.647419617E-001,1.567344184E+000,1.393440962E-001
       442,4.223072676E-001,1.435140428E+000,1.013018563E-001
       443,3.871803627E-001,1.369336740E+000,7.422591746E-002
       444,3.474214742E-001,1.297449045E+000,4.283063859E-002
       445,3.082031595E-001,1.213640141E+000,1.286637038E-002
       446,2.871810761E-001,1.118925672E+000,3.249776782E-004
       447,2.768206394E-001,1.027048905E+000,5.515195767E-007
       448,2.737590934E-001,9.367464923E-001,1.325591192E-009
       449,2.744436692E-001,8.457789070E-001,1.350789879E-011
       450,2.766607356E-001,7.535570428E-001,2.034243271E-013
       451,2.794612963E-001,6.604288295E-001,3.743660316E-015
       452,2.826227180E-001,5.667629821E-001,1.206481966E-016
       453,2.859902498E-001,4.727786275E-001,4.092747809E-018
       454,2.893683715E-001,3.785388669E-001,1.699277908E-019
       455,2.925078630E-001,2.840918062E-001,7.347468142E-021
       456,3.700415317E+000,2.700552786E+000,5.039954558E-004
       457,3.600476579E+000,2.700593218E+000,2.872138866E-004
       458,3.500488474E+000,2.700608294E+000,1.546388667E-004
       459,3.400465070E+000,2.700615968E+000,7.902419748E-005
       460,3.300437622E+000,2.700614635E+000,3.875218317E-005
       461,3.200422333E+000,2.700584284E+000,1.862856516E-005
       462,3.100408116E+000,2.700507705E+000,9.094607776E-006
       463,3.000378169E+000,2.700397403E+000,4.692779385E-006
       464,2.900328016E+000,2.700280835E+000,2.551050102E-006
       465,2.800264944E+000,2.700180967E+000,1.385227620E-006
       466,2.700199274E+000,2.700107674E+000,7.355917546E-007
       467,2.600137715E+000,2.700060250E+000,3.790707410E-007
       468,2.500080687E+000,2.700033583E+000,1.884008043E-007
       469,2.400021775E+000,2.700022847E+000,8.972388343E-008
       470,2.299947591E+000,2.700025071E+000,4.063323544E-008
       471,2.199837128E+000,2.700038930E+000,1.733884503E-008
       472,2.099661675E+000,2.700066484E+000,6.896814675E-009
       473,1.999388936E+000,2.700120553E+000,2.526729048E-009
       474,1.898996356E+000,2.700239379E+000,8.429719700E-010
       475,1.798496385E+000,2.700503060E+000,2.554001177E-010
       476,1.697968438E+000,2.701033020E+000,7.159132315E-011
       477,1.597583928E+000,2.701939893E+000,1.855386157E-011
       478,1.497586374E+000,2.703190366E+000,3.956209492E-012
       479,1.398144354E+000,2.704466346E+000,6.074714299E-013
       480,1.299159966E+000,2.705269023E+000,7.089940207E-014
       481,1.200286711E+000,2.705295141E+000,1.078829019E-014
       482,1.101132423E+000,2.704638591E+000,1.750558545E-015
       483,1.001445668E+000,2.703542123E+000,2.831361680E-016
       484,9.012237427E-001,2.702220874E+000,4.353425094E-017
       485,8.006269442E-001,2.700976130E+000,6.122050154E-018
       486,6.997999774E-001,2.699961925E+000,7.650567119E-019
       487,5.989356032E-001,2.699362399E+000,8.197313988E-020
       488,4.982645752E-001,2.699145901E+000,7.247710483E-021
       489,3.700415468E+000,2.992880899E-001,1.207087262E-004
       490,3.700385585E+000,3.993076003E-001,5.471697077E-004
       491,3.700322199E+000,4.994604667E-001,1.869471045E-003
       492,3.700261364E+000,5.997498123E-001,5.003424827E-003
       493,3.700238358E+000,7.002012787E-001,1.078623813E-002
       494,3.700312427E+000,8.008381655E-001,1.919947006E-002
       495,3.700598894E+000,9.016520292E-001,2.900133841E-002
       496,3.701274089E+000,1.002554849E+000,3.851301968E-002
       497,3.702517104E+000,1.103321633E+000,4.734284058E-002
       498,3.704327391E+000,1.203601578E+000,5.789555237E-002
       499,3.706318877E+000,1.303111245E+000,7.349647582E-002
       500,3.707829246E+000,1.401876097E+000,9.262555093E-002
       501,3.708344387E+000,1.500245406E+000,1.089260578E-001
       502,3.707784876E+000,1.598686607E+000,1.086167395E-001
       503,3.706460653E+000,1.697564242E+000,8.977375180E-002
       504,3.704839416E+000,1.797028803E+000,6.936147809E-002
       505,3.703318488E+000,1.897031855E+000,5.693636462E-002
       506,3.702116231E+000,1.997416145E+000,4.972928017E-002
       507,3.701285934E+000,2.098009809E+000,4.214101285E-002
       508,3.700783340E+000,2.198678746E+000,3.230234236E-002
       509,3.700533478E+000,2.299325106E+000,2.141782828E-002
       510,3.700447986E+000,2.399873809E+000,1.186862960E-002
       511,3.700439668E+000,2.500262037E+000,5.333134439E-003
       512,3.700432483E+000,2.600457303E+000,1.885089790E-003
       513,3.915787197E-001,2.851949016E-001,6.164701163E-020
       514,4.914199435E-001,2.862323686E-001,5.680454511E-019
       515,5.916253743E-001,2.873047153E-001,2.759472538E-017
       516,6.919222226E-001,2.886349581E-001,1.694111687E-016
       517,7.923114341E-001,2.902865242E-001,6.877248434E-016
       518,8.928724006E-001,2.921572564E-001,2.449404772E-015
       519,9.936377030E-001,2.940454974E-001,8.266704446E-015
       520,1.094570685E+000,2.957237441E-001,2.607400685E-014
       521,1.195569828E+000,2.970755729E-001,7.623743081E-014
       522,1.296531950E+000,2.980772816E-001,2.146413743E-013
       523,1.397383669E+000,2.987707665E-001,6.084141979E-013
       524,1.498089148E+000,2.992274794E-001,1.737510635E-012
       525,1.598643361E+000,2.995189139E-001,4.940648151E-012
       526,1.699060423E+000,2.997020979E-001,1.387680509E-011
       527,1.799363376E+000,2.998170369E-001,3.826707701E-011
       528,1.899577322E+000,2.998894763E-001,1.030356564E-010
       529,1.999725338E+000,2.999350582E-001,2.694985068E-010
       530,2.099826851E+000,2.999632528E-001,6.818970943E-010
       531,2.199898016E+000,2.999800257E-001,1.664357208E-009
       532,2.299953043E+000,2.999889143E-001,3.913182667E-009
       533,2.400005446E+000,2.999905391E-001,8.861396061E-009
       534,2.500068216E+000,2.999804743E-001,1.934309424E-008
       535,2.600151610E+000,2.999462772E-001,4.077051940E-008
       536,2.700257546E+000,2.998675224E-001,8.327432255E-008
       537,2.800372814E+000,2.997250623E-001,1.671513985E-007
       538,2.900467764E+000,2.995225984E-001,3.445399557E-007
       539,3.000513086E+000,2.993052277E-001,7.483597528E-007
       540,3.100511994E+000,2.991495939E-001,1.687384838E-006
       541,3.200499655E+000,2.990734741E-001,3.815222954E-006
       542,3.300504522E+000,2.990602438E-001,8.400363186E-006
       543,3.400515591E+000,2.990792930E-001,1.770965719E-005
       544,3.500508245E+000,2.991263851E-001,3.546173684E-005
       545,3.600463458E+000,2.992090402E-001,6.729037705E-005
       546,4.721126766E-001,1.638865488E+000,1.284919530E-001
       547,5.395605769E-001,1.554011448E+000,1.346510947E-001
       548,5.526039781E-001,1.631645242E+000,1.285291761E-001
       549,5.197386622E-001,1.479332980E+000,1.147185937E-001
       550,4.929680709E-001,1.407345018E+000,9.001062810E-002
       551,4.615623514E-001,1.335502731E+000,6.182189286E-002
       552,4.285711989E-001,1.261045058E+000,3.266081959E-002
       553,3.982866014E-001,1.182021673E+000,9.315176867E-003
       554,3.762138811E-001,1.099711657E+000,2.651437535E-004
       555,3.632779500E-001,1.017795876E+000,6.845754115E-007
       556,3.614107053E-001,9.343688969E-001,1.843635133E-009
       557,3.645882174E-001,8.470983668E-001,1.521996765E-011
       558,3.693459646E-001,7.564559599E-001,2.581129754E-013
       559,3.743481948E-001,6.636497735E-001,7.801758744E-015
       560,3.792017318E-001,5.696545519E-001,3.552357713E-016
       561,3.837936247E-001,4.750491151E-001,1.497934092E-017
       562,3.879999454E-001,3.801573134E-001,1.222340404E-018
       563,3.600443855E+000,3.992170555E-001,3.265218402E-004
       564,3.600383937E+000,4.994048493E-001,1.195865334E-003
       565,3.600329802E+000,5.998070159E-001,3.437567735E-003
       566,3.600328779E+000,7.004525266E-001,7.958773524E-003
       567,3.600464070E+000,8.013488723E-001,1.513566077E-002
       568,3.600879198E+000,9.024346202E-001,2.412868291E-002
       569,3.601782637E+000,1.003546964E+000,3.321494162E-002
       570,3.603364102E+000,1.104383079E+000,4.171525314E-002
       571,3.605570794E+000,1.204558048E+000,5.258851871E-002
       572,3.607914873E+000,1.303816878E+000,7.006947696E-002
       573,3.609651878E+000,1.402239616E+000,9.159578383E-002
       574,3.610229775E+000,1.500228342E+000,1.089993492E-001
       575,3.609569803E+000,1.598304294E+000,1.082154140E-001
       576,3.608017205E+000,1.696886002E+000,8.676639944E-002
       577,3.606096786E+000,1.796167262E+000,6.312983483E-002
       578,3.604264914E+000,1.896120537E+000,4.992989078E-002
       579,3.602784145E+000,1.996583070E+000,4.341766238E-002
       580,3.601731078E+000,2.097353749E+000,3.614612296E-002
       581,3.601078781E+000,2.198239494E+000,2.657026239E-002
       582,3.600737330E+000,2.299088742E+000,1.656982489E-002
       583,3.600593147E+000,2.399780757E+000,8.531916887E-003
       584,3.600542146E+000,2.500250532E+000,3.545014188E-003
       585,3.600506743E+000,2.600489484E+000,1.158981351E-003
       586,3.500534897E+000,2.600538816E+000,6.777013768E-004
       587,3.400533554E+000,2.600582977E+000,3.786984598E-004
       588,3.300535705E+000,2.600620613E+000,2.044261055E-004
       589,3.200548171E+000,2.600617815E+000,1.090089645E-004
       590,3.100552271E+000,2.600559104E+000,5.930256884E-005
       591,3.000528326E+000,2.600453100E+000,3.365977318E-005
       592,2.900471272E+000,2.600332603E+000,1.952081948E-005
       593,2.800390330E+000,2.600223900E+000,1.113855978E-005
       594,2.700298454E+000,2.600140165E+000,6.196979939E-006
       595,2.600203842E+000,2.600084543E+000,3.340445573E-006
       596,2.500106214E+000,2.600055832E+000,1.734638545E-006
       597,2.399996451E+000,2.600052550E+000,8.624480188E-007
       598,2.299857398E+000,2.600073215E+000,4.076931361E-007
       599,2.199663995E+000,2.600115406E+000,1.817657278E-007
       600,2.099384481E+000,2.600179319E+000,7.574444538E-008
       601,1.998988013E+000,2.600279439E+000,2.922325493E-008
       602,1.898463597E+000,2.600463449E+000,1.035588237E-008
       603,1.797849693E+000,2.600829368E+000,3.375324686E-009
       604,1.697263946E+000,2.601517391E+000,1.028019891E-009
       605,1.596913986E+000,2.602636000E+000,2.879104177E-010
       606,1.497041903E+000,2.604105675E+000,6.749957537E-011
       607,1.397761902E+000,2.605540065E+000,1.224514934E-011
       608,1.298908972E+000,2.606417617E+000,1.871145816E-012
       609,1.200038888E+000,2.606471185E+000,3.310180092E-013
       610,1.100722008E+000,2.605683678E+000,5.672856458E-014
       611,1.000783160E+000,2.604238128E+000,9.228972838E-015
       612,9.003017814E-001,2.602631434E+000,1.378766244E-015
       613,7.994717166E-001,2.601053837E+000,1.853921261E-016
       614,6.984415201E-001,2.599888968E+000,2.202972057E-017
       615,5.974892103E-001,2.599130473E+000,2.253531983E-018
       616,4.968448438E-001,2.598833272E+000,1.930385192E-019
       617,4.873594380E-001,3.818559458E-001,2.344861657E-017
       618,5.873412594E-001,3.837337068E-001,2.609702793E-015
       619,6.877003496E-001,3.858429683E-001,1.038077925E-014
       620,7.883545030E-001,3.881039230E-001,2.360184802E-014
       621,8.893104283E-001,3.904672470E-001,5.065384757E-014
       622,9.905527103E-001,3.926624725E-001,1.245927596E-013
       623,1.091996929E+000,3.945907660E-001,3.407232450E-013
       624,1.193487100E+000,3.961682561E-001,9.640691023E-013
       625,1.294885667E+000,3.973682199E-001,2.784615420E-012
       626,1.396106063E+000,3.982283732E-001,8.178681690E-012
       627,1.497112773E+000,3.988199309E-001,2.409333670E-011
       628,1.597907450E+000,3.992177760E-001,7.036614347E-011
       629,1.698513170E+000,3.994839223E-001,2.017767065E-010
       630,1.798962351E+000,3.996630625E-001,5.627884270E-010
       631,1.899288853E+000,3.997844786E-001,1.514584569E-009
       632,1.999523441E+000,3.998664109E-001,3.910832547E-009
       633,2.099692547E+000,3.999204764E-001,9.659636646E-009
       634,2.199819246E+000,3.999544480E-001,2.280369316E-008
       635,2.299924722E+000,3.999729627E-001,5.148859827E-008
       636,2.400028832E+000,3.999761594E-001,1.113784478E-007
       637,2.500148414E+000,3.999565133E-001,2.313241367E-007
       638,2.600292213E+000,3.998959761E-001,4.624668861E-007
       639,2.700453100E+000,3.997689322E-001,8.930291528E-007
       640,2.800600951E+000,3.995601602E-001,1.679513957E-006
       641,2.900690382E+000,3.992976798E-001,3.185322839E-006
       642,3.000695776E+000,3.990761911E-001,6.277824923E-006
       643,3.100640766E+000,3.989573357E-001,1.277795309E-005
       644,3.200579577E+000,3.989550377E-001,2.612165372E-005
       645,3.300539840E+000,3.990142588E-001,5.223923290E-005
       646,3.400513146E+000,3.990917580E-001,1.005963713E-004
       647,3.500476470E+000,3.991715169E-001,1.855022856E-004
       648,4.948028977E-001,2.499048866E+000,3.753800627E-018
       649,4.919167105E-001,2.400908831E+000,5.624077747E-017
       650,4.883427382E-001,2.305126064E+000,6.643298993E-016
       651,4.844588315E-001,2.212211763E+000,6.319354948E-015
       652,4.808359199E-001,2.122476153E+000,5.180224468E-014
       653,4.779317122E-001,2.035919122E+000,3.322839833E-012
       654,4.760390607E-001,1.952219605E+000,2.789330322E-009
       655,4.753227902E-001,1.870699889E+000,2.606113185E-006
       656,4.753622213E-001,1.791026703E+000,2.721185097E-003
       657,4.749707138E-001,1.713340240E+000,5.940750986E-002
       658,5.603800603E-001,1.710453598E+000,6.723966449E-002
       659,6.369669128E-001,1.619575243E+000,1.284693480E-001
       660,6.488820107E-001,1.703163104E+000,7.745230198E-002
       661,6.199844122E-001,1.537592458E+000,1.295576096E-001
       662,5.976137048E-001,1.458436107E+000,1.073112488E-001
       663,5.706621824E-001,1.381604337E+000,8.071690053E-002
       664,5.411265051E-001,1.306054719E+000,5.227075890E-002
       665,5.111839277E-001,1.230286722E+000,2.549930662E-002
       666,4.828119904E-001,1.154038719E+000,6.664561573E-003
       667,4.581830054E-001,1.079351737E+000,1.835413714E-004
       668,4.403502601E-001,1.008946706E+000,7.919367135E-007
       669,4.449216954E-001,9.345308792E-001,3.050761199E-009
       670,4.538557695E-001,8.507884445E-001,1.681278866E-010
       671,4.626310304E-001,7.609599868E-001,1.469601177E-011
       672,4.703002289E-001,6.678186220E-001,8.368499036E-013
       673,4.768985465E-001,5.730677084E-001,3.169441435E-014
       674,4.825654913E-001,4.775900603E-001,9.926419343E-016
       675,3.500429365E+000,4.993855967E-001,7.330581429E-004
       676,3.500391778E+000,5.998835588E-001,2.277149586E-003
       677,3.500425144E+000,7.007126379E-001,5.698458292E-003
       678,3.500628679E+000,8.018427337E-001,1.166024897E-002
       679,3.501175164E+000,9.031613092E-001,1.975816488E-002
       680,3.502290759E+000,1.004427745E+000,2.836940810E-002
       681,3.504153646E+000,1.105284356E+000,3.659326956E-002
       682,3.506651156E+000,1.205341934E+000,4.795776308E-002
       683,3.509230141E+000,1.304382151E+000,6.736762077E-002
       684,3.511113608E+000,1.402524239E+000,9.094937891E-002
       685,3.511737999E+000,1.500201668E+000,1.091252193E-001
       686,3.511022393E+000,1.597972439E+000,1.079033017E-001
       687,3.509324960E+000,1.696299365E+000,8.415976167E-002
       688,3.507197697E+000,1.795417657E+000,5.743733793E-002
       689,3.505126033E+000,1.895326811E+000,4.340671375E-002
       690,3.503398870E+000,1.995870231E+000,3.751858696E-002
       691,3.502144645E+000,2.096801890E+000,3.048818931E-002
       692,3.501350083E+000,2.197885791E+000,2.132483386E-002
       693,3.500911773E+000,2.298901950E+000,1.241727173E-002
       694,3.500698056E+000,2.399704450E+000,5.901990458E-003
       695,3.500591512E+000,2.500229411E+000,2.254290972E-003
       696,3.400609629E+000,2.500279487E+000,1.378122834E-003
       697,3.300633256E+000,2.500337762E+000,8.195311530E-004
       698,3.200663253E+000,2.500377232E+000,4.841374175E-004
       699,3.100679553E+000,2.500364913E+000,2.917743695E-004
       700,3.000658564E+000,2.500315230E+000,1.797363220E-004
       701,2.900595207E+000,2.500246114E+000,1.099712172E-004
       702,2.800497277E+000,2.500179037E+000,6.591915735E-005
       703,2.700376876E+000,2.500125025E+000,3.848012784E-005
       704,2.600240847E+000,2.500091436E+000,2.176188173E-005
       705,2.500087010E+000,2.500086203E+000,1.186152440E-005
       706,2.399905370E+000,2.500116708E+000,6.196345566E-006
       707,2.299679663E+000,2.500185259E+000,3.083214096E-006
       708,2.199386618E+000,2.500287279E+000,1.451577532E-006
       709,2.098997276E+000,2.500418803E+000,6.420797831E-007
       710,1.998487772E+000,2.500593917E+000,2.650099873E-007
       711,1.897862769E+000,2.500867092E+000,1.015779532E-007
       712,1.797185605E+000,2.501347512E+000,3.629428846E-008
       713,1.696599255E+000,2.502178367E+000,1.217803991E-008
       714,1.596310975E+000,2.503445439E+000,3.716256858E-009
       715,1.496511470E+000,2.505023575E+000,9.659447686E-010
       716,1.397221101E+000,2.506507039E+000,2.066053578E-010
       717,1.298126206E+000,2.507432661E+000,3.920778632E-011
       718,1.198832633E+000,2.507510879E+000,7.571464289E-012
       719,1.099043432E+000,2.506640012E+000,1.345113257E-012
       720,9.987042814E-001,2.505233148E+000,2.181734204E-013
       721,8.979979220E-001,2.503541405E+000,3.178762185E-014
       722,7.970279041E-001,2.502029223E+000,4.097359676E-015
       723,6.959916854E-001,2.500813962E+000,4.600547221E-016
       724,5.951535193E-001,2.499932014E+000,4.470276929E-017
       725,5.821007845E-001,4.804984242E-001,1.826542796E-013
       726,6.823766207E-001,4.835196073E-001,5.289498223E-013
       727,7.832830625E-001,4.864939752E-001,8.069095522E-013
       728,8.847181273E-001,4.890803415E-001,1.111190458E-012
       729,9.865858259E-001,4.913835304E-001,1.859688185E-012
       730,1.088692515E+000,4.934059466E-001,4.168102061E-012
       731,1.190810860E+000,4.951187272E-001,1.125343568E-011
       732,1.292766608E+000,4.964857628E-001,3.246744540E-011
       733,1.394454749E+000,4.975129374E-001,9.587645955E-011
       734,1.495839571E+000,4.982557056E-001,2.845178537E-010
       735,1.596933604E+000,4.987834422E-001,8.366543014E-010
       736,1.697774282E+000,4.991576291E-001,2.402983146E-009
       737,1.798407745E+000,4.994245854E-001,6.651015294E-009
       738,1.898879412E+000,4.996158142E-001,1.757262957E-008
       739,1.999229664E+000,4.997517617E-001,4.410138033E-008
       740,2.099493443E+000,4.998460121E-001,1.049944913E-007
       741,2.199701539E+000,4.999078730E-001,2.373821815E-007
       742,2.299881683E+000,4.999427962E-001,5.109113772E-007
       743,2.400057741E+000,4.999503894E-001,1.049946832E-006
       744,2.500245790E+000,4.999209513E-001,2.066802381E-006
       745,2.600447575E+000,4.998341950E-001,3.910294254E-006
       746,2.700642640E+000,4.996686296E-001,7.140518392E-006
       747,2.800789031E+000,4.994365400E-001,1.266677828E-005
       748,2.900845281E+000,4.992175512E-001,2.226992183E-005
       749,3.000805378E+000,4.990824291E-001,3.989125616E-005
       750,3.100712159E+000,4.990825043E-001,7.317327254E-005
       751,3.200616247E+000,4.991742571E-001,1.349565136E-004
       752,3.300541771E+000,4.992926825E-001,2.448310843E-004
       753,3.400480222E+000,4.993837371E-001,4.314030230E-004
       754,5.920437914E-001,2.402158251E+000,6.832797733E-016
       755,5.880875699E-001,2.307030912E+000,8.339272300E-015
       756,5.836352786E-001,2.214977188E+000,8.109392471E-014
       757,5.792364601E-001,2.125956288E+000,6.789836163E-013
       758,5.752280663E-001,2.039664998E+000,2.970699381E-011
       759,5.717299885E-001,1.955342293E+000,1.721678800E-008
       760,5.686036130E-001,1.872514123E+000,1.156350572E-005
       761,5.652159254E-001,1.790571022E+000,9.654016234E-003
       762,6.567486923E-001,1.786687056E+000,1.924781874E-002
       763,7.389367907E-001,1.691782632E+000,8.691367507E-002
       764,7.497080361E-001,1.779343738E+000,3.010685183E-002
       765,7.240660571E-001,1.604907474E+000,1.277703941E-001
       766,7.044695678E-001,1.519917308E+000,1.244109720E-001
       767,6.804592095E-001,1.437487702E+000,1.004810184E-001
       768,6.534224204E-001,1.357523416E+000,7.278515399E-002
       769,6.250620927E-001,1.279171790E+000,4.452079535E-002
       770,5.963488369E-001,1.201239925E+000,2.002941072E-002
       771,5.668911169E-001,1.124100832E+000,4.856679123E-003
       772,5.348940952E-001,1.052713169E+000,1.161028849E-004
       773,4.993076819E-001,1.002383466E+000,8.444289392E-007
       774,5.257497694E-001,9.431393563E-001,2.652165563E-007
       775,5.447173003E-001,8.594994798E-001,6.666936514E-008
       776,5.579341436E-001,7.676077030E-001,7.458995199E-009
       777,5.678244576E-001,6.729343771E-001,3.344178823E-010
       778,5.756682011E-001,5.770016568E-001,8.650029477E-012
       779,3.400467202E+000,5.999479345E-001,1.455930993E-003
       780,3.400534518E+000,7.009095026E-001,3.959666472E-003
       781,3.400805774E+000,8.022327977E-001,8.771095425E-003
       782,3.401472432E+000,9.037390099E-001,1.589365862E-002
       783,3.402781742E+000,1.005138189E+000,2.394305356E-002
       784,3.404883966E+000,1.106022521E+000,3.195748478E-002
       785,3.407615537E+000,1.205998455E+000,4.403841868E-002
       786,3.410379473E+000,1.304865197E+000,6.536650658E-002
       787,3.412382381E+000,1.402763596E+000,9.060513228E-002
       788,3.413053131E+000,1.500161160E+000,1.092785299E-001
       789,3.412306418E+000,1.597663302E+000,1.076842621E-001
       790,3.410505089E+000,1.695778908E+000,8.201776445E-002
       791,3.408203765E+000,1.794778996E+000,5.240867287E-002
       792,3.405893121E+000,1.894688725E+000,3.740290552E-002
       793,3.403939189E+000,1.995322746E+000,3.199365735E-002
       794,3.402506340E+000,2.096415608E+000,2.521049418E-002
       795,3.401584832E+000,2.197657048E+000,1.669086330E-002
       796,3.401055747E+000,2.298792615E+000,9.036341682E-003
       797,3.400772500E+000,2.399661857E+000,3.946046345E-003
       798,3.300801822E+000,2.399702738E+000,2.579352120E-003
       799,3.200831211E+000,2.399756582E+000,1.679051318E-003
       800,3.100836498E+000,2.399813502E+000,1.103066839E-003
       801,3.000799137E+000,2.399860893E+000,7.241317071E-004
       802,2.900709629E+000,2.399910157E+000,4.669418267E-004
       803,2.800577208E+000,2.399955136E+000,2.945367887E-004
       804,2.700410221E+000,2.399998818E+000,1.809865207E-004
       805,2.600211704E+000,2.400048691E+000,1.078854330E-004
       806,2.499977746E+000,2.400122402E+000,6.210506399E-005
       807,2.399700914E+000,2.400239340E+000,3.435462349E-005
       808,2.299370970E+000,2.400407058E+000,1.816494114E-005
       809,2.198971136E+000,2.400618214E+000,9.130619219E-006
       810,2.098478809E+000,2.400863814E+000,4.339322459E-006
       811,1.997879222E+000,2.401156978E+000,1.940321908E-006
       812,1.897190470E+000,2.401556249E+000,8.147171684E-007
       813,1.796487728E+000,2.402173232E+000,3.217620304E-007
       814,1.695901406E+000,2.403137525E+000,1.184858505E-007
       815,1.595585490E+000,2.404495090E+000,3.940218107E-008
       816,1.495617162E+000,2.406085849E+000,1.140530070E-008
       817,1.395854907E+000,2.407535420E+000,2.826817003E-009
       818,1.296065554E+000,2.408532103E+000,6.123218599E-010
       819,1.196013066E+000,2.408770507E+000,1.259571752E-010
       820,1.095611004E+000,2.408258493E+000,2.317945488E-011
       821,9.949599807E-001,2.407231130E+000,3.776874646E-012
       822,8.941264795E-001,2.406054355E+000,5.400045103E-013
       823,7.932383729E-001,2.404916431E+000,6.704032674E-014
       824,6.924434958E-001,2.403807585E+000,7.188605993E-015
       825,6.756757024E-001,5.812065495E-001,2.111374964E-011
       826,7.768701914E-001,5.846208889E-001,2.554685456E-011
       827,8.789082934E-001,5.872736859E-001,2.813101835E-011
       828,9.814973399E-001,5.895179397E-001,3.568253679E-011
       829,1.084353562E+000,5.915944441E-001,6.261476754E-011
       830,1.187236285E+000,5.935180537E-001,1.865765320E-010
       831,1.289908631E+000,5.951631206E-001,5.860589236E-010
       832,1.392217357E+000,5.964619440E-001,1.525780280E-009
       833,1.494110771E+000,5.974403025E-001,3.698813478E-009
       834,1.595608570E+000,5.981617022E-001,9.356277531E-009
       835,1.696765196E+000,5.986908766E-001,2.472494209E-008
       836,1.797645264E+000,5.990802095E-001,6.507552541E-008
       837,1.898310789E+000,5.993674126E-001,1.647462113E-007
       838,1.998816375E+000,5.995781110E-001,3.953698808E-007
       839,2.099208779E+000,5.997293419E-001,8.966937912E-007
       840,2.199527769E+000,5.998321470E-001,1.924825028E-006
       841,2.299806268E+000,5.998923346E-001,3.922892120E-006
       842,2.400067922E+000,5.999089163E-001,7.619970347E-006
       843,2.500322345E+000,5.998728220E-001,1.416432588E-005
       844,2.600559897E+000,5.997717698E-001,2.530856909E-005
       845,2.700754063E+000,5.996291034E-001,4.369790622E-005
       846,2.800872681E+000,5.995154709E-001,7.334702241E-005
       847,2.900897726E+000,5.994689199E-001,1.206193920E-004
       848,3.000846470E+000,5.995356062E-001,1.980477537E-004
       849,3.100752881E+000,5.996825017E-001,3.286376595E-004
       850,3.200653766E+000,5.998549175E-001,5.473156925E-004
       851,3.300561076E+000,5.999798403E-001,9.025724139E-004
       852,6.626087982E-001,1.870607421E+000,8.006845601E-004
       853,7.573250056E-001,1.865946140E+000,3.648514394E-003
       854,8.431920659E-001,1.768592592E+000,4.094848782E-002
       855,8.527694534E-001,1.858690981E+000,8.454774506E-003
       856,8.303537571E-001,1.678406001E+000,9.421832114E-002
       857,8.133360819E-001,1.589038395E+000,1.264598817E-001
       858,7.919269313E-001,1.502011777E+000,1.194395423E-001
       859,7.670307856E-001,1.417376918E+000,9.432563931E-002
       860,7.402707660E-001,1.335412233E+000,6.609844416E-002
       861,7.133331719E-001,1.254730328E+000,3.846220300E-002
       862,6.867401335E-001,1.173066833E+000,1.615994610E-002
       863,6.588886365E-001,1.086924055E+000,3.734055907E-003
       864,6.214421636E-001,9.865507840E-001,6.216047041E-005
       865,6.444440195E-001,8.746585305E-001,1.710227764E-007
       866,6.577197144E-001,7.752320174E-001,1.547146056E-008
       867,6.676033327E-001,6.780958368E-001,6.880347958E-010
       868,6.881441742E-001,2.308954454E+000,8.814291934E-014
       869,6.830811214E-001,2.217138442E+000,8.863949613E-013
       870,6.778304623E-001,2.128126324E+000,1.228629871E-011
       871,6.727057237E-001,2.041069000E+000,1.656896065E-009
       872,6.677142549E-001,1.955156291E+000,8.170454180E-007
       873,3.300659608E+000,7.010183498E-001,2.680583624E-003
       874,3.300978412E+000,8.024634263E-001,6.456932984E-003
       875,3.301747813E+000,9.041335527E-001,1.255954895E-002
       876,3.303218717E+000,1.005668358E+000,1.994258910E-002
       877,3.305541729E+000,1.106629174E+000,2.782534435E-002
       878,3.308504117E+000,1.206575702E+000,4.086104035E-002
       879,3.311473415E+000,1.305294059E+000,6.401271373E-002
       880,3.313621545E+000,1.402950670E+000,9.048332274E-002
       881,3.314352230E+000,1.500075352E+000,1.094391868E-001
       882,3.313573349E+000,1.597336973E+000,1.075593531E-001
       883,3.311636315E+000,1.695297845E+000,8.038470149E-002
       884,3.309087284E+000,1.794255293E+000,4.815191403E-002
       885,3.306524837E+000,1.894214002E+000,3.196835518E-002
       886,3.304365110E+000,1.994977041E+000,2.685410157E-002
       887,3.302789626E+000,2.096205244E+000,2.041466534E-002
       888,3.301769029E+000,2.197550477E+000,1.278466918E-002
       889,3.301167835E+000,2.298737142E+000,6.440071389E-003
       890,3.201178432E+000,2.298764407E+000,4.552867729E-003
       891,3.101148166E+000,2.298857213E+000,3.203890286E-003
       892,3.001051741E+000,2.299018947E+000,2.222475829E-003
       893,2.900892853E+000,2.299219898E+000,1.511816634E-003
       894,2.800675270E+000,2.299446622E+000,1.006151550E-003
       895,2.700411426E+000,2.299671983E+000,6.532414700E-004
       896,2.600101600E+000,2.299898834E+000,4.123685067E-004
       897,2.499744635E+000,2.300146887E+000,2.521083225E-004
       898,2.399341688E+000,2.300440442E+000,1.486136898E-004
       899,2.298892044E+000,2.300787791E+000,8.407184941E-005
       900,2.198385417E+000,2.301177271E+000,4.542674287E-005
       901,2.097803433E+000,2.301596652E+000,2.334432611E-005
       902,1.997135605E+000,2.302061106E+000,1.137976506E-005
       903,1.896399749E+000,2.302633728E+000,5.255963970E-006
       904,1.795643253E+000,2.303421741E+000,2.289822305E-006
       905,1.694928728E+000,2.304510471E+000,9.322582741E-007
       906,1.594303166E+000,2.305896988E+000,3.507388726E-007
       907,1.493711123E+000,2.307402114E+000,1.207600917E-007
       908,1.393040730E+000,2.308852656E+000,3.694248463E-008
       909,1.292204937E+000,2.310050009E+000,9.316872607E-009
       910,1.191248142E+000,2.310775452E+000,1.818598272E-009
       911,1.090318126E+000,2.311075222E+000,3.578878305E-010
       912,9.894757006E-001,2.311092542E+000,5.687307222E-011
       913,8.887742720E-001,2.310943868E+000,7.174340549E-012
       914,7.882481099E-001,2.310507545E+000,8.404885945E-013
       915,7.694020267E-001,6.818114947E-001,7.046377926E-010
       916,8.722025622E-001,6.841884914E-001,7.348486264E-010
       917,9.754625443E-001,6.861997090E-001,8.139270369E-010
       918,1.079006596E+000,6.884111419E-001,2.005688948E-009
       919,1.182666272E+000,6.907924976E-001,1.495455670E-008
       920,1.286140153E+000,6.929960559E-001,5.722464635E-008
       921,1.389203210E+000,6.948253847E-001,1.301486492E-007
       922,1.491754849E+000,6.962362168E-001,2.183666510E-007
       923,1.593796666E+000,6.972839184E-001,3.180107910E-007
       924,1.695387215E+000,6.980512329E-001,4.655164219E-007
       925,1.796606646E+000,6.986135110E-001,7.705705229E-007
       926,1.897536545E+000,6.990284067E-001,1.470255370E-006
       927,1.998251006E+000,6.993359511E-001,3.017243216E-006
       928,2.098813407E+000,6.995614575E-001,6.212962035E-006
       929,2.199274833E+000,6.997189583E-001,1.239945414E-005
       930,2.299671717E+000,6.998137119E-001,2.368935202E-005
       931,2.400022337E+000,6.998452437E-001,4.323699250E-005
       932,2.500325671E+000,6.998168916E-001,7.561696839E-005
       933,2.600571094E+000,6.997866460E-001,1.273788948E-004
       934,2.700751679E+000,6.998570453E-001,2.077543177E-004
       935,2.800860697E+000,7.000215533E-001,3.296854265E-004
       936,2.900912658E+000,7.002793797E-001,5.110951606E-004
       937,3.000909224E+000,7.005662431E-001,7.777485880E-004
       938,3.100864539E+000,7.008379500E-001,1.177292317E-003
       939,3.200786186E+000,7.010293287E-001,1.782730571E-003
       940,7.826100235E-001,2.218356400E+000,1.057702363E-011
       941,7.764948166E-001,2.128500052E+000,6.176691381E-010
       942,7.702663821E-001,2.040112436E+000,3.606865562E-007
       943,7.639044373E-001,1.952479955E+000,9.367088205E-005
       944,8.606073947E-001,1.947560608E+000,5.794198951E-004
       945,9.493398842E-001,1.849186258E+000,1.413439028E-002
       946,9.583801970E-001,1.941011676E+000,1.648243051E-003
       947,9.382276554E-001,1.756722619E+000,5.062308908E-002
       948,9.236436965E-001,1.664280644E+000,9.954960644E-002
       949,9.047517022E-001,1.573291461E+000,1.247210577E-001
       950,8.819375334E-001,1.484520240E+000,1.147015542E-001
       951,8.564668877E-001,1.398750547E+000,8.878391981E-002
       952,8.298905744E-001,1.315717558E+000,6.044954062E-002
       953,8.044366457E-001,1.234346923E+000,3.393670544E-002
       954,7.824780058E-001,1.152037078E+000,1.370676327E-002
       955,7.640532225E-001,1.065842194E+000,3.019763855E-003
       956,7.512281937E-001,9.728127613E-001,7.519909559E-005
       957,7.545212296E-001,8.750957828E-001,2.261152048E-007
       958,7.617290688E-001,7.781498906E-001,1.544658979E-008
       959,3.201131743E+000,8.025464370E-001,4.678911529E-003
       960,3.201952480E+000,9.043326203E-001,9.770110250E-003
       961,3.203552882E+000,1.006030045E+000,1.639629714E-002
       962,3.206073979E+000,1.107099206E+000,2.423621528E-002
       963,3.209311027E+000,1.207046485E+000,3.842554614E-002
       964,3.212555993E+000,1.305627125E+000,6.321005523E-002
       965,3.214899682E+000,1.403046295E+000,9.051129967E-002
       966,3.215672114E+000,1.499914873E+000,1.095924824E-001
       967,3.214796927E+000,1.596987992E+000,1.075142547E-001
       968,3.212588843E+000,1.694869620E+000,7.926020026E-002
       969,3.209742136E+000,1.793854262E+000,4.474045709E-002
       970,3.206933207E+000,1.893932795E+000,2.717317268E-002
       971,3.204618225E+000,1.994829092E+000,2.215903997E-002
       972,3.202949772E+000,2.096152316E+000,1.620891877E-002
       973,3.201873111E+000,2.197523329E+000,9.646037593E-003
       974,3.101788552E+000,2.197590973E+000,7.178778760E-003
       975,3.001601866E+000,2.197800384E+000,5.248795263E-003
       976,2.901305146E+000,2.198144049E+000,3.766389331E-003
       977,2.800925485E+000,2.198568381E+000,2.647845773E-003
       978,2.700473159E+000,2.199054440E+000,1.819618861E-003
       979,2.599958885E+000,2.199578396E+000,1.218782272E-003
       980,2.499398084E+000,2.200134437E+000,7.929624408E-004
       981,2.398814612E+000,2.200736535E+000,4.992088070E-004
       982,2.298220109E+000,2.201376556E+000,3.029429936E-004
       983,2.197603748E+000,2.202031440E+000,1.767364593E-004
       984,2.096938951E+000,2.202690762E+000,9.904195031E-005
       985,1.996201420E+000,2.203382839E+000,5.338105620E-005
       986,1.895372367E+000,2.204184192E+000,2.782210686E-005
       987,1.794393457E+000,2.205145911E+000,1.421986872E-005
       988,1.693274251E+000,2.206319194E+000,7.341494438E-006
       989,1.591963871E+000,2.207641682E+000,3.971179012E-006
       990,1.490389961E+000,2.209095609E+000,2.265582680E-006
       991,1.388507594E+000,2.210640627E+000,1.300926442E-006
       992,1.286508969E+000,2.212255818E+000,6.670904895E-007
       993,1.184711591E+000,2.213874011E+000,2.700621735E-007
       994,1.083430817E+000,2.215494517E+000,7.517208189E-008
       995,9.826610491E-001,2.217011049E+000,9.697474823E-009
       996,8.823378077E-001,2.218282819E+000,2.287345036E-010
       997,8.656799428E-001,7.794819429E-001,1.575268449E-008
       998,9.694190948E-001,7.808410745E-001,1.658250603E-008
       999,1.073264101E+000,7.831598801E-001,1.623174768E-007
      1000,1.177348276E+000,7.863163333E-001,1.190918738E-006
      1001,1.281460601E+000,7.895430135E-001,3.806451332E-006
      1002,1.385284939E+000,7.923267637E-001,7.613404705E-006
      1003,1.488607872E+000,7.944933913E-001,1.154977235E-005
      1004,1.591346359E+000,7.960796929E-001,1.476776197E-005
      1005,1.693519975E+000,7.972101970E-001,1.709522257E-005
      1006,1.795204355E+000,7.980134083E-001,1.912072003E-005
      1007,1.896495700E+000,7.985918663E-001,2.222177500E-005
      1008,1.997490412E+000,7.990171366E-001,2.879456042E-005
      1009,2.098273377E+000,7.993322687E-001,4.262455695E-005
      1010,2.198909360E+000,7.995568294E-001,6.931810640E-005
      1011,2.299436363E+000,7.996967959E-001,1.166607180E-004
      1012,2.399869161E+000,7.997701252E-001,1.948061108E-004
      1013,2.500212543E+000,7.998702881E-001,3.170396376E-004
      1014,2.600493987E+000,8.001541505E-001,5.008651060E-004
      1015,2.700719517E+000,8.006109715E-001,7.687901380E-004
      1016,2.800927250E+000,8.011727639E-001,1.149142976E-003
      1017,2.901098699E+000,8.017148137E-001,1.677007996E-003
      1018,3.001212920E+000,8.021687573E-001,2.393946983E-003
      1019,3.101242390E+000,8.024742001E-001,3.361038864E-003
      1020,8.754376963E-001,2.127023971E+000,1.619171428E-007
      1021,8.681740183E-001,2.036791321E+000,1.466593858E-005
      1022,9.670010584E-001,2.032246139E+000,7.832182018E-005
      1023,1.058037452E+000,1.933709872E+000,3.188183066E-003
      1024,1.067036556E+000,2.027277695E+000,2.164854814E-004
      1025,1.048047322E+000,1.839532219E+000,1.992021315E-002
      1026,1.035618628E+000,1.744846537E+000,5.880502239E-002
      1027,1.019304182E+000,1.650342926E+000,1.033621207E-001
      1028,9.984508457E-001,1.557472975E+000,1.226158813E-001
      1029,9.739632751E-001,1.467836039E+000,1.100283563E-001
      1030,9.478480145E-001,1.381066337E+000,8.348342031E-002
      1031,9.204702477E-001,1.297262664E+000,5.509245768E-002
      1032,8.946606375E-001,1.217259169E+000,3.025741130E-002
      1033,8.772077732E-001,1.137163347E+000,1.212924719E-002
      1034,8.656694089E-001,1.053669896E+000,2.568301512E-003
      1035,8.599641374E-001,9.654446354E-001,7.046172686E-005
      1036,8.611446186E-001,8.732854998E-001,2.813401920E-007
      1037,3.102068515E+000,9.043448306E-001,7.503880188E-003
      1038,3.103721057E+000,1.006163985E+000,1.332970057E-002
      1039,3.106435496E+000,1.107351781E+000,2.122803964E-002
      1040,3.109960003E+000,1.207325275E+000,3.668213263E-002
      1041,3.113495017E+000,1.305791687E+000,6.283010542E-002
      1042,3.115939996E+000,1.403013602E+000,9.062863141E-002
      1043,3.116697679E+000,1.499699185E+000,1.097331047E-001
      1044,3.115604626E+000,1.596670636E+000,1.075257882E-001
      1045,3.113095652E+000,1.694552605E+000,7.859437913E-002
      1046,3.109979662E+000,1.793650074E+000,4.219798371E-002
      1047,3.107012474E+000,1.893872268E+000,2.311254479E-002
      1048,3.104626529E+000,1.994878746E+000,1.801177114E-002
      1049,3.102942889E+000,2.096225538E+000,1.264824625E-002
      1050,3.002654502E+000,2.096388231E+000,9.712041356E-003
      1051,2.902187763E+000,2.096765795E+000,7.333920803E-003
      1052,2.801560558E+000,2.097369199E+000,5.437605549E-003
      1053,2.700794000E+000,2.098166038E+000,3.950514365E-003
      1054,2.599923668E+000,2.099088910E+000,2.806471661E-003
      1055,2.499025885E+000,2.100105233E+000,1.947060227E-003
      1056,2.398168531E+000,2.101168233E+000,1.319010626E-003
      1057,2.297378207E+000,2.102226890E+000,8.737148019E-004
      1058,2.196628909E+000,2.103236616E+000,5.692435079E-004
      1059,2.095860379E+000,2.104197540E+000,3.694368643E-004
      1060,1.994998398E+000,2.105171503E+000,2.434693597E-004
      1061,1.893869286E+000,2.106183928E+000,1.667638862E-004
      1062,1.792422072E+000,2.107280583E+000,1.218403413E-004
      1063,1.690595688E+000,2.108393086E+000,9.578727622E-005
      1064,1.588350793E+000,2.109647903E+000,7.881374768E-005
      1065,1.485593793E+000,2.111075389E+000,6.468521315E-005
      1066,1.382493254E+000,2.112880388E+000,4.928655835E-005
      1067,1.279482289E+000,2.115216295E+000,3.198578634E-005
      1068,1.177036693E+000,2.118005104E+000,1.668965160E-005
      1069,1.075630484E+000,2.121172561E+000,6.638247214E-006
      1070,9.751401688E-001,2.124337463E+000,1.666371077E-006
      1071,9.647845788E-001,8.730428567E-001,3.460997107E-007
      1072,1.067900205E+000,8.752250218E-001,9.919144759E-006
      1073,1.171495140E+000,8.796516814E-001,4.562698086E-005
      1074,1.275806808E+000,8.845189075E-001,1.093776154E-004
      1075,1.380303010E+000,8.888095123E-001,1.856535382E-004
      1076,1.484487356E+000,8.921390379E-001,2.563516900E-004
      1077,1.588082847E+000,8.945290827E-001,3.097890585E-004
      1078,1.691015463E+000,8.961672917E-001,3.435161489E-004
      1079,1.793319819E+000,8.972846317E-001,3.608326369E-004
      1080,1.895094039E+000,8.980621494E-001,3.683012328E-004
      1081,1.996456218E+000,8.986236779E-001,3.756724182E-004
      1082,2.097515970E+000,8.990407887E-001,3.974541323E-004
      1083,2.198354924E+000,8.993456496E-001,4.543090181E-004
      1084,2.299028351E+000,8.995740262E-001,5.719840410E-004
      1085,2.399574736E+000,8.998379182E-001,7.784172194E-004
      1086,2.500063879E+000,9.003169920E-001,1.101931673E-003
      1087,2.600512436E+000,9.010695690E-001,1.572509762E-003
      1088,2.700976455E+000,9.019776308E-001,2.225444885E-003
      1089,2.801437092E+000,9.028667930E-001,3.100409638E-003
      1090,2.901835701E+000,9.035969073E-001,4.239752423E-003
      1091,3.002087737E+000,9.041018570E-001,5.688544363E-003
      1092,1.168747171E+000,2.022560427E+000,4.267826735E-004
      1093,1.159696588E+000,1.926919536E+000,5.007938016E-003
      1094,1.149183788E+000,1.830562541E+000,2.538584545E-002
      1095,1.135792912E+000,1.733373638E+000,6.562705338E-002
      1096,1.117848254E+000,1.635992446E+000,1.059797332E-001
      1097,1.094334301E+000,1.540764553E+000,1.199826747E-001
      1098,1.066521548E+000,1.450894912E+000,1.051540971E-001
      1099,1.041024555E+000,1.362950491E+000,7.827322930E-002
      1100,1.011734443E+000,1.276374633E+000,4.882431403E-002
      1101,9.782447509E-001,1.201322286E+000,2.668367326E-002
      1102,9.675925833E-001,1.127178369E+000,1.162195019E-002
      1103,9.632576376E-001,1.047489271E+000,2.412246540E-003
      1104,9.627497119E-001,9.622821522E-001,6.949582894E-005
      1105,3.003735549E+000,1.005989385E+000,1.075246371E-002
      1106,3.006532131E+000,1.107279813E+000,1.881810650E-002
      1107,3.010215874E+000,1.207277555E+000,3.553250059E-002
      1108,3.013797573E+000,1.305680115E+000,6.274212152E-002
      1109,3.016228642E+000,1.402830208E+000,9.078859538E-002
      1110,3.016904400E+000,1.499484756E+000,1.098603904E-001
      1111,3.015580688E+000,1.596481370E+000,1.075721011E-001
      1112,3.012853043E+000,1.694490533E+000,7.829001546E-002
      1113,3.009635807E+000,1.793745357E+000,4.048315063E-002
      1114,3.006676862E+000,1.894085876E+000,1.984364353E-002
      1115,3.004358767E+000,1.995110808E+000,1.446108427E-002
      1116,1.063106020E+000,9.639594270E-001,3.141219204E-004
      1117,1.164710452E+000,9.706216544E-001,8.447027649E-004
      1118,1.268913781E+000,9.779441286E-001,1.451251912E-003
      1119,1.374110674E+000,9.843820346E-001,2.057331847E-003
      1120,1.479259892E+000,9.893187746E-001,2.566447714E-003
      1121,1.583874669E+000,9.927467051E-001,2.928421600E-003
      1122,1.687730501E+000,9.950289665E-001,3.150478471E-003
      1123,1.790802504E+000,9.965355231E-001,3.260743804E-003
      1124,1.893179595E+000,9.975487876E-001,3.287227591E-003
      1125,1.994997319E+000,9.982615561E-001,3.257458564E-003
      1126,2.096393261E+000,9.987881775E-001,3.207227681E-003
      1127,2.197490247E+000,9.992098856E-001,3.188113915E-003
      1128,2.298404550E+000,9.996474290E-001,3.263753140E-003
      1129,2.399257382E+000,1.000268484E+000,3.497328609E-003
      1130,2.500112427E+000,1.001198710E+000,3.938534763E-003
      1131,2.601020528E+000,1.002363072E+000,4.627403803E-003
      1132,2.701970927E+000,1.003572769E+000,5.608312786E-003
      1133,2.802860067E+000,1.004630459E+000,6.933322176E-003
      1134,2.903547236E+000,1.005426637E+000,8.637658320E-003
      1135,2.903741643E+000,1.995430024E+000,1.147207711E-002
      1136,2.802816210E+000,1.996140217E+000,9.000278078E-003
      1137,2.701600786E+000,1.997222703E+000,7.005192805E-003
      1138,2.600208622E+000,1.998609184E+000,5.437508691E-003
      1139,2.498808651E+000,2.000177223E+000,4.227410536E-003
      1140,2.397542211E+000,2.001809527E+000,3.312688554E-003
      1141,2.296464738E+000,2.003359435E+000,2.643123735E-003
      1142,2.195511097E+000,2.004764981E+000,2.169904998E-003
      1143,2.094554987E+000,2.006057587E+000,1.842243131E-003
      1144,1.993354156E+000,2.007290241E+000,1.614812412E-003
      1145,1.891723744E+000,2.008475037E+000,1.459662453E-003
      1146,1.789559576E+000,2.009473808E+000,1.357934321E-003
      1147,1.686858128E+000,2.010438258E+000,1.285300707E-003
      1148,1.583533329E+000,2.011500761E+000,1.213323558E-003
      1149,1.479612139E+000,2.012928539E+000,1.107704476E-003
      1150,1.375448819E+000,2.015164757E+000,9.337393567E-004
      1151,1.271681393E+000,2.018461117E+000,6.872674567E-004
      1152,1.263019384E+000,1.921140332E+000,6.846796256E-003
      1153,1.252625489E+000,1.822666080E+000,3.007343039E-002
      1154,1.239185901E+000,1.722413496E+000,7.081045210E-002
      1155,1.220472398E+000,1.620303315E+000,1.069694608E-001
      1156,1.193032486E+000,1.519260871E+000,1.165716350E-001
      1157,1.155168472E+000,1.432853312E+000,1.007975936E-001
      1158,1.137097030E+000,1.345548874E+000,7.658460736E-002
      1159,1.112156287E+000,1.241429923E+000,4.037239403E-002
      1160,1.043083309E+000,1.184161665E+000,2.555041015E-002
      1161,1.051999344E+000,1.124221898E+000,1.482665632E-002
      1162,1.058317947E+000,1.048076955E+000,3.961344715E-003
      1163,2.906220665E+000,1.106734665E+000,1.696875133E-002
      1164,2.909743199E+000,1.206751748E+000,3.484984115E-002
      1165,2.913106769E+000,1.305229757E+000,6.282449514E-002
      1166,2.915472520E+000,1.402523606E+000,9.095381200E-002
      1167,2.915909842E+000,1.499359987E+000,1.099777147E-001
      1168,2.914406499E+000,1.596609086E+000,1.076266766E-001
      1169,2.911678259E+000,1.694866694E+000,7.820881158E-002
      1170,2.908627524E+000,1.794277339E+000,3.945278749E-002
      1171,2.905919968E+000,1.894624153E+000,1.732816175E-002
      1172,1.155876429E+000,1.059448638E+000,6.467157975E-003
      1173,1.260411827E+000,1.070255890E+000,8.458311670E-003
      1174,1.366575131E+000,1.079486802E+000,1.049297862E-002
      1175,1.472905437E+000,1.086397598E+000,1.209406275E-002
      1176,1.578688412E+000,1.091105931E+000,1.317535061E-002
      1177,1.683594793E+000,1.094168501E+000,1.383834984E-002
      1178,1.787546441E+000,1.096132870E+000,1.419980638E-002
      1179,1.890620557E+000,1.097406978E+000,1.434217300E-002
      1180,1.992972826E+000,1.098269591E+000,1.432035677E-002
      1181,2.094785804E+000,1.098904004E+000,1.418465562E-002
      1182,2.196282976E+000,1.099470014E+000,1.399610937E-002
      1183,2.297652844E+000,1.100132847E+000,1.382830460E-002
      1184,2.399072349E+000,1.101025300E+000,1.375150029E-002
      1185,2.500618053E+000,1.102183675E+000,1.381969266E-002
      1186,2.602295272E+000,1.103465339E+000,1.408673357E-002
      1187,2.703938743E+000,1.104682102E+000,1.464961376E-002
      1188,2.805389522E+000,1.105702276E+000,1.559796557E-002
      1189,2.804716766E+000,1.895341444E+000,1.545570325E-002
      1190,2.703007386E+000,1.896641765E+000,1.410004031E-002
      1191,2.600980778E+000,1.898420838E+000,1.309251320E-002
      1192,2.498918627E+000,1.900515818E+000,1.228552684E-002
      1193,2.397106045E+000,1.902630990E+000,1.163829025E-002
      1194,2.295604601E+000,1.904580196E+000,1.112757809E-002
      1195,2.194309927E+000,1.906319050E+000,1.071132161E-002
      1196,2.092965644E+000,1.907909216E+000,1.034799498E-002
      1197,1.991254087E+000,1.909338975E+000,1.003150642E-002
      1198,1.888944929E+000,1.910430537E+000,9.791540913E-003
      1199,1.785971901E+000,1.911185754E+000,9.641068056E-003
      1200,1.682286456E+000,1.911771601E+000,9.540134110E-003
      1201,1.577828917E+000,1.912508790E+000,9.391549043E-003
      1202,1.472740572E+000,1.913936135E+000,9.032464586E-003
      1203,1.367452301E+000,1.916683170E+000,8.253296837E-003
      1204,2.808442601E+000,1.205796476E+000,3.450247645E-002
      1205,2.811490951E+000,1.304528573E+000,6.298919022E-002
      1206,2.813404820E+000,1.402206277E+000,9.111323953E-002
      1207,2.813524117E+000,1.499529738E+000,1.100957617E-001
      1208,2.812002882E+000,1.597263659E+000,1.076650545E-001
      1209,2.809563672E+000,1.695854296E+000,7.818668336E-002
      1210,2.806977110E+000,1.795363295E+000,3.889588639E-002
      1211,1.141871121E+000,1.147543197E+000,1.976731978E-002
      1212,1.249864733E+000,1.162247274E+000,2.398008108E-002
      1213,1.357609010E+000,1.174805962E+000,2.869357727E-002
      1214,1.465448418E+000,1.184101977E+000,3.183601052E-002
      1215,1.572674767E+000,1.190269069E+000,3.379184380E-002
      1216,1.678791935E+000,1.194178206E+000,3.496467322E-002
      1217,1.783709195E+000,1.196611561E+000,3.563291579E-002
      1218,1.887538560E+000,1.198131930E+000,3.596458212E-002
      1219,1.990481259E+000,1.199098025E+000,3.605853394E-002
      1220,2.092831970E+000,1.199773303E+000,3.598172590E-002
      1221,2.194860564E+000,1.200357188E+000,3.578674421E-002
      1222,2.296873984E+000,1.201010970E+000,3.551835567E-002
      1223,2.399065143E+000,1.201841036E+000,3.520638496E-002
      1224,2.501508398E+000,1.202815626E+000,3.486913443E-002
      1225,2.604053418E+000,1.203797037E+000,3.456035256E-002
      1226,2.706485415E+000,1.204674323E+000,3.441018239E-002
      1227,2.704845640E+000,1.796730965E+000,3.860306740E-002
      1228,2.602162794E+000,1.798738009E+000,3.836080059E-002
      1229,2.499406734E+000,1.801053012E+000,3.804462403E-002
      1230,2.396948890E+000,1.803338749E+000,3.765737265E-002
      1231,2.294904437E+000,1.805457097E+000,3.720972314E-002
      1232,2.193108495E+000,1.807395632E+000,3.669301420E-002
      1233,2.091230133E+000,1.809125507E+000,3.613071516E-002
      1234,1.988907005E+000,1.810482848E+000,3.560667485E-002
      1235,1.885901715E+000,1.811305576E+000,3.522671387E-002
      1236,1.782094804E+000,1.811614169E+000,3.503855690E-002
      1237,1.677376452E+000,1.811694605E+000,3.494776413E-002
      1238,1.571709642E+000,1.812017765E+000,3.478541598E-002
      1239,1.465102123E+000,1.813310996E+000,3.429325297E-002
      1240,1.358083757E+000,1.816523238E+000,3.303350136E-002
      1241,2.708819572E+000,1.303793784E+000,6.321220845E-002
      1242,2.710111351E+000,1.402093709E+000,9.127709270E-002
      1243,2.709956874E+000,1.500151038E+000,1.102234274E-001
      1244,2.708614009E+000,1.598528889E+000,1.076730341E-001
      1245,2.706685026E+000,1.697516542E+000,7.810281217E-002
      1246,1.238290102E+000,1.254520006E+000,4.970402643E-002
      1247,1.346969252E+000,1.271309234E+000,5.619612336E-002
      1248,1.457049849E+000,1.283379548E+000,5.975294486E-002
      1249,1.566354489E+000,1.290929017E+000,6.197173893E-002
      1250,1.673945714E+000,1.295524944E+000,6.326062977E-002
      1251,1.779881510E+000,1.298305356E+000,6.398170441E-002
      1252,1.884455852E+000,1.299957170E+000,6.434837729E-002
      1253,1.988012967E+000,1.300909371E+000,6.448390335E-002
      1254,2.090897794E+000,1.301440544E+000,6.447678804E-002
      1255,2.193489896E+000,1.301785444E+000,6.439149380E-002
      1256,2.296131979E+000,1.302106011E+000,6.425373256E-002
      1257,2.399046655E+000,1.302490293E+000,6.406183541E-002
      1258,2.502236171E+000,1.302890932E+000,6.379608810E-002
      1259,2.605496195E+000,1.303230140E+000,6.349039823E-002
      1260,2.603517860E+000,1.699416297E+000,7.793956250E-002
      1261,2.500159709E+000,1.701548157E+000,7.767720520E-002
      1262,2.397106101E+000,1.703668787E+000,7.730089128E-002
      1263,2.294492435E+000,1.705681236E+000,7.683853060E-002
      1264,2.192146636E+000,1.707531081E+000,7.631347328E-002
      1265,2.089716922E+000,1.709088063E+000,7.577826828E-002
      1266,1.986829790E+000,1.710148158E+000,7.531814277E-002
      1267,1.883204599E+000,1.710555788E+000,7.501798123E-002
      1268,1.778622969E+000,1.710382263E+000,7.488203794E-002
      1269,1.672910492E+000,1.709883246E+000,7.480684668E-002
      1270,1.565727799E+000,1.709526364E+000,7.465014607E-002
      1271,1.456692953E+000,1.710140823E+000,7.420649379E-002
      1272,1.346375211E+000,1.713374799E+000,7.341282070E-002
      1273,2.606156723E+000,1.402256936E+000,9.144464880E-002
      1274,2.605813513E+000,1.501148069E+000,1.103719994E-001
      1275,2.604734391E+000,1.600240105E+000,1.076533720E-001
      1276,2.501016324E+000,1.601935702E+000,1.076214164E-001
      1277,2.397549009E+000,1.603609631E+000,1.075714231E-001
      1278,2.294500114E+000,1.605204269E+000,1.074978113E-001
      1279,2.191716671E+000,1.606642444E+000,1.074116975E-001
      1280,2.088865657E+000,1.607772979E+000,1.073247045E-001
      1281,1.985575623E+000,1.608395781E+000,1.072498858E-001
      1282,1.881507135E+000,1.608372009E+000,1.072059497E-001
      1283,1.776361629E+000,1.607689305E+000,1.072062254E-001
      1284,1.669695649E+000,1.606424601E+000,1.072552949E-001
      1285,1.560618446E+000,1.604759518E+000,1.072779596E-001
      1286,1.447805882E+000,1.603336844E+000,1.069724262E-001
      1287,1.330269062E+000,1.604401661E+000,1.067704186E-001
      1288,1.234587794E+000,1.343598114E+000,8.156798780E-002
      1289,1.333435119E+000,1.370476873E+000,8.668461442E-002
      1290,1.448171525E+000,1.385513348E+000,8.865598589E-002
      1291,1.560800052E+000,1.393597670E+000,9.046462178E-002
      1292,1.670104317E+000,1.398276739E+000,9.133532643E-002
      1293,1.776962230E+000,1.401036227E+000,9.178048372E-002
      1294,1.882145447E+000,1.402601844E+000,9.198258072E-002
      1295,1.986175774E+000,1.403362158E+000,9.203802049E-002
      1296,2.089472478E+000,1.403581971E+000,9.201658517E-002
      1297,2.192445728E+000,1.403481752E+000,9.195782244E-002
      1298,2.295459531E+000,1.403239064E+000,9.187319130E-002
      1299,2.398745354E+000,1.402939187E+000,9.175826609E-002
      1300,2.502263077E+000,1.402581701E+000,9.160984308E-002
      1301,2.501766722E+000,1.502251809E+000,1.105369106E-001
      1302,1.303087242E+000,1.479705071E+000,1.096727774E-001
      1303,1.225927713E+000,1.413756663E+000,9.961077571E-002
      1304,2.398167085E+000,1.503297178E+000,1.106980965E-001
      1305,2.294933192E+000,1.504270925E+000,1.108424217E-001
      1306,2.191930103E+000,1.505114891E+000,1.109636500E-001
      1307,2.088877079E+000,1.505702243E+000,1.110555753E-001
      1308,1.985419358E+000,1.505853100E+000,1.111071259E-001
      1309,1.881189524E+000,1.505399610E+000,1.111167297E-001
      1310,1.775775473E+000,1.504183313E+000,1.110997200E-001
      1311,1.668494788E+000,1.501984166E+000,1.110607386E-001
      1312,1.557877941E+000,1.498330275E+000,1.109546795E-001
      1313,1.440656343E+000,1.492484595E+000,1.106324717E-001
