nodenumber,    x-coordinate,    y-coordinate,            c2h6
         1,5.000000000E-003,1.495000000E+000,5.000000000E-001
         2,7.068731585E-002,1.508940903E+000,2.910885215E-001
         3,4.403980658E-002,1.551726335E+000,2.072529942E-001
         4,5.000000000E-003,1.505000000E+000,5.000000000E-001
         5,0.000000000E+000,1.401562500E+000,0.000000000E+000
         6,4.885011125E-002,1.420179041E+000,3.362795338E-002
         7,0.000000000E+000,1.308125000E+000,0.000000000E+000
         8,7.311745740E-002,1.332834160E+000,1.225968916E-002
         9,0.000000000E+000,1.214687500E+000,0.000000000E+000
        10,9.163935468E-002,1.233594264E+000,2.283555223E-003
        11,0.000000000E+000,1.121250000E+000,0.000000000E+000
        12,9.293068681E-002,1.130193112E+000,1.910070569E-004
        13,0.000000000E+000,1.027812500E+000,0.000000000E+000
        14,9.200790270E-002,1.032520923E+000,1.503972413E-007
        15,0.000000000E+000,9.343750000E-001,0.000000000E+000
        16,9.154873500E-002,9.374881323E-001,7.582851569E-010
        17,0.000000000E+000,8.409375000E-001,0.000000000E+000
        18,9.167399806E-002,8.433870407E-001,1.185399088E-011
        19,0.000000000E+000,7.475000000E-001,0.000000000E+000
        20,9.202744179E-002,7.495515556E-001,1.760776041E-013
        21,0.000000000E+000,6.540625000E-001,0.000000000E+000
        22,9.247372448E-002,6.558636677E-001,2.790701452E-015
        23,0.000000000E+000,5.606250000E-001,0.000000000E+000
        24,9.318908419E-002,5.623162447E-001,6.844734280E-017
        25,0.000000000E+000,4.671875000E-001,0.000000000E+000
        26,9.418217718E-002,4.688433463E-001,3.661604317E-018
        27,0.000000000E+000,3.737500000E-001,0.000000000E+000
        28,9.541534025E-002,3.753235534E-001,2.651365378E-019
        29,0.000000000E+000,2.803125000E-001,0.000000000E+000
        30,9.671003948E-002,2.816812100E-001,1.597731826E-020
        31,0.000000000E+000,1.868750000E-001,0.000000000E+000
        32,9.794447158E-002,1.878815348E-001,6.636753186E-022
        33,0.000000000E+000,9.343750000E-002,0.000000000E+000
        34,9.903156835E-002,9.396601986E-002,1.691684128E-023
        35,1.000000000E-001,0.000000000E+000,3.842504738E-025
        36,1.296169358E-001,1.544792676E+000,1.930913180E-001
        37,8.791972767E-002,1.609006182E+000,1.316419244E-001
        38,0.000000000E+000,1.604666667E+000,0.000000000E+000
        39,0.000000000E+000,1.704333333E+000,0.000000000E+000
        40,1.080148662E-001,1.444755429E+000,1.137083173E-001
        41,1.467218116E-001,1.365526554E+000,5.061263964E-002
        42,2.004344076E-001,1.258945830E+000,1.727155410E-002
        43,1.903731293E-001,1.134177214E+000,3.804840380E-004
        44,1.850594977E-001,1.033369404E+000,3.753323199E-007
        45,1.831936565E-001,9.384875433E-001,9.752227914E-010
        46,1.832964667E-001,8.449589326E-001,1.248839573E-011
        47,1.842018722E-001,7.514773118E-001,2.082660623E-013
        48,1.855417882E-001,6.579176590E-001,6.146548792E-015
        49,1.872827760E-001,5.643401717E-001,5.448340380E-016
        50,1.894343189E-001,4.707069784E-001,5.852957299E-017
        51,1.918078477E-001,3.769321486E-001,4.806581517E-018
        52,1.941776018E-001,2.829466657E-001,2.607403830E-019
        53,1.963314809E-001,1.887738361E-001,8.771355361E-021
        54,1.982661708E-001,9.442722923E-002,1.828996728E-022
        55,2.000000000E-001,0.000000000E+000,3.756550897E-024
        56,0.000000000E+000,2.900333333E+000,0.000000000E+000
        57,9.968951002E-002,2.900279686E+000,1.753076962E-027
        58,1.000000000E-001,3.000000000E+000,0.000000000E+000
        59,0.000000000E+000,2.800666667E+000,0.000000000E+000
        60,9.938784282E-002,2.800496682E+000,2.510779587E-025
        61,0.000000000E+000,2.701000000E+000,0.000000000E+000
        62,9.904535511E-002,2.700651168E+000,1.358052921E-023
        63,0.000000000E+000,2.601333333E+000,0.000000000E+000
        64,9.863369449E-002,2.600771921E+000,4.246032589E-022
        65,0.000000000E+000,2.501666667E+000,0.000000000E+000
        66,9.813047639E-002,2.500887636E+000,9.011573781E-021
        67,0.000000000E+000,2.402000000E+000,0.000000000E+000
        68,9.753055251E-002,2.401241585E+000,1.508887943E-019
        69,0.000000000E+000,2.302333333E+000,0.000000000E+000
        70,9.675921123E-002,2.301982994E+000,2.329734343E-018
        71,0.000000000E+000,2.202666667E+000,0.000000000E+000
        72,9.581920229E-002,2.203473636E+000,3.329170024E-017
        73,0.000000000E+000,2.103000000E+000,0.000000000E+000
        74,9.492835950E-002,2.105973350E+000,2.558800507E-016
        75,0.000000000E+000,2.003333333E+000,0.000000000E+000
        76,9.516299480E-002,2.010171472E+000,2.224046998E-016
        77,0.000000000E+000,1.903666667E+000,0.000000000E+000
        78,9.773096928E-002,1.916072999E+000,2.583141756E-010
        79,0.000000000E+000,1.804000000E+000,0.000000000E+000
        80,1.046013373E-001,1.823884243E+000,2.641877550E-010
        81,1.210841388E-001,1.734513284E+000,7.298937999E-005
        82,1.585703802E-001,1.651170293E+000,9.340192378E-002
        83,1.932784265E-001,1.581416991E+000,1.625033170E-001
        84,1.689688396E-001,1.480310834E+000,1.451402456E-001
        85,2.278424348E-001,1.518248758E+000,1.515276730E-001
        86,3.000000000E-001,0.000000000E+000,1.647383593E-023
        87,2.977260861E-001,9.484802243E-002,1.043530348E-021
        88,4.000000000E-001,0.000000000E+000,6.942596957E-023
        89,3.975684519E-001,9.514614137E-002,5.053049664E-021
        90,5.000000000E-001,0.000000000E+000,2.641720486E-022
        91,4.976510431E-001,9.537715493E-002,2.951947820E-020
        92,6.000000000E-001,0.000000000E+000,1.725020948E-021
        93,5.978152136E-001,9.558791154E-002,2.644039143E-019
        94,7.000000000E-001,0.000000000E+000,7.073535488E-020
        95,6.979197474E-001,9.590817765E-002,4.620370340E-018
        96,8.000000000E-001,0.000000000E+000,1.535979892E-018
        97,7.979717994E-001,9.642282942E-002,5.780287166E-017
        98,9.000000000E-001,0.000000000E+000,1.391891854E-017
        99,8.980519089E-001,9.710150517E-002,4.128962422E-016
       100,1.000000000E+000,0.000000000E+000,7.218333382E-017
       101,9.982132645E-001,9.782740336E-002,1.920612480E-015
       102,1.100000000E+000,0.000000000E+000,2.575473292E-016
       103,1.098453615E+000,9.848489320E-002,6.562240799E-015
       104,1.200000000E+000,0.000000000E+000,7.623717924E-016
       105,1.198737675E+000,9.900852077E-002,1.914752197E-014
       106,1.300000000E+000,0.000000000E+000,2.102958556E-015
       107,1.299024051E+000,9.938533769E-002,5.287654673E-014
       108,1.400000000E+000,0.000000000E+000,5.523844897E-015
       109,1.399281227E+000,9.963548423E-002,1.408728955E-013
       110,1.500000000E+000,0.000000000E+000,1.396074621E-014
       111,1.499492670E+000,9.979136044E-002,3.653206481E-013
       112,1.600000000E+000,0.000000000E+000,3.465895851E-014
       113,1.599654958E+000,9.988392508E-002,9.370321359E-013
       114,1.700000000E+000,0.000000000E+000,8.627689898E-014
       115,1.699772883E+000,9.993690568E-002,2.405656186E-012
       116,1.800000000E+000,0.000000000E+000,2.178215697E-013
       117,1.799854782E+000,9.996636617E-002,6.196633484E-012
       118,1.900000000E+000,0.000000000E+000,5.567460555E-013
       119,1.899909506E+000,9.998239816E-002,1.590391013E-011
       120,2.000000000E+000,0.000000000E+000,1.424697816E-012
       121,1.999944893E+000,9.999098639E-002,4.020942607E-011
       122,2.100000000E+000,0.000000000E+000,3.599972100E-012
       123,2.099967182E+000,9.999551215E-002,9.907270837E-011
       124,2.200000000E+000,0.000000000E+000,8.894730438E-012
       125,2.199981034E+000,9.999784248E-002,2.363367557E-010
       126,2.300000000E+000,0.000000000E+000,2.139716702E-011
       127,2.299989917E+000,9.999899015E-002,5.447546858E-010
       128,2.400000000E+000,0.000000000E+000,5.007148168E-011
       129,2.399996661E+000,9.999937915E-002,1.214988332E-009
       130,2.500000000E+000,0.000000000E+000,1.107500897E-010
       131,2.500004052E+000,9.999862817E-002,2.561324708E-009
       132,2.600000000E+000,0.000000000E+000,2.248123770E-010
       133,2.600015173E+000,9.999468687E-002,4.962604994E-009
       134,2.700000000E+000,0.000000000E+000,4.136087028E-010
       135,2.700033061E+000,9.998270116E-002,8.732496504E-009
       136,2.800000000E+000,0.000000000E+000,6.882847625E-010
       137,2.800059118E+000,9.995543823E-002,1.395008642E-008
       138,2.900000000E+000,0.000000000E+000,1.040860287E-009
       139,2.900091295E+000,9.990754210E-002,2.035657509E-008
       140,3.000000000E+000,0.000000000E+000,1.443706599E-009
       141,3.000124616E+000,9.984219836E-002,2.739296967E-008
       142,3.100000000E+000,0.000000000E+000,1.852956344E-009
       143,3.100155835E+000,9.977231454E-002,3.424376871E-008
       144,3.200000000E+000,0.000000000E+000,2.210800432E-009
       145,3.200188553E+000,9.970956414E-002,3.983913288E-008
       146,3.300000000E+000,0.000000000E+000,2.456111314E-009
       147,3.300226727E+000,9.965786037E-002,4.315755575E-008
       148,3.400000000E+000,0.000000000E+000,2.551730383E-009
       149,3.400265797E+000,9.961185986E-002,4.369151441E-008
       150,3.500000000E+000,0.000000000E+000,2.496637785E-009
       151,3.500291344E+000,9.958507260E-002,4.158668432E-008
       152,3.600000000E+000,0.000000000E+000,2.316403291E-009
       153,3.600285496E+000,9.958844769E-002,3.745824628E-008
       154,3.700000000E+000,0.000000000E+000,2.051481873E-009
       155,3.700246380E+000,9.963106929E-002,3.210979216E-008
       156,3.800000000E+000,0.000000000E+000,1.753147849E-009
       157,3.800187134E+000,9.970972574E-002,2.642650010E-008
       158,3.900000000E+000,0.000000000E+000,1.470237931E-009
       159,3.900100009E+000,9.983971998E-002,2.105905672E-008
       160,4.000000000E+000,1.000000000E-001,1.849223175E-008
       161,3.900000000E+000,3.000000000E+000,1.530374050E-008
       162,3.900094140E+000,2.900145918E+000,1.796798159E-007
       163,4.000000000E+000,2.900000000E+000,1.543949537E-007
       164,3.800000000E+000,3.000000000E+000,1.919619663E-008
       165,3.800157179E+000,2.900240848E+000,2.346681356E-007
       166,3.700000000E+000,3.000000000E+000,2.361522000E-008
       167,3.700202010E+000,2.900293312E+000,2.967436217E-007
       168,3.600000000E+000,3.000000000E+000,2.809322375E-008
       169,3.600225842E+000,2.900298548E+000,3.611835950E-007
       170,3.500000000E+000,3.000000000E+000,3.198206855E-008
       171,3.500225004E+000,2.900274724E+000,4.201072841E-007
       172,3.400000000E+000,3.000000000E+000,3.445572716E-008
       173,3.400201257E+000,2.900242942E+000,4.626131727E-007
       174,3.300000000E+000,3.000000000E+000,3.476529287E-008
       175,3.300167765E+000,2.900215022E+000,4.780244467E-007
       176,3.200000000E+000,3.000000000E+000,3.258136161E-008
       177,3.200138226E+000,2.900188571E+000,4.601374712E-007
       178,3.100000000E+000,3.000000000E+000,2.819909461E-008
       179,3.100116277E+000,2.900155914E+000,4.103231106E-007
       180,3.000000000E+000,3.000000000E+000,2.243200292E-008
       181,3.000097537E+000,2.900116914E+000,3.372321942E-007
       182,2.900000000E+000,3.000000000E+000,1.631524071E-008
       183,2.900078472E+000,2.900078738E+000,2.540093078E-007
       184,2.800000000E+000,3.000000000E+000,1.079466383E-008
       185,2.800059428E+000,2.900047992E+000,1.744109852E-007
       186,2.700000000E+000,3.000000000E+000,6.478512393E-009
       187,2.700042291E+000,2.900026822E+000,1.088329711E-007
       188,2.600000000E+000,3.000000000E+000,3.535395532E-009
       189,2.600028317E+000,2.900013927E+000,6.187131163E-008
       190,2.500000000E+000,3.000000000E+000,1.786017445E-009
       191,2.500017483E+000,2.900006812E+000,3.268528914E-008
       192,2.400000000E+000,3.000000000E+000,8.657610184E-010
       193,2.400008448E+000,2.900003261E+000,1.660649929E-008
       194,2.300000000E+000,3.000000000E+000,4.106151807E-010
       195,2.299998257E+000,2.900001860E+000,8.210631286E-009
       196,2.200000000E+000,3.000000000E+000,1.894610718E-010
       197,2.199981402E+000,2.900002095E+000,3.929887971E-009
       198,2.100000000E+000,3.000000000E+000,8.442008897E-011
       199,2.099948438E+000,2.900004756E+000,1.807408445E-009
       200,2.000000000E+000,3.000000000E+000,3.587188185E-011
       201,1.999885164E+000,2.900013839E+000,7.881819641E-010
       202,1.900000000E+000,3.000000000E+000,1.421204560E-011
       203,1.899774685E+000,2.900041533E+000,3.188886377E-010
       204,1.800000000E+000,3.000000000E+000,5.076031609E-012
       205,1.799606094E+000,2.900116818E+000,1.159307234E-010
       206,1.700000000E+000,3.000000000E+000,1.561719937E-012
       207,1.699391000E+000,2.900290082E+000,3.631634923E-011
       208,1.600000000E+000,3.000000000E+000,3.903437903E-013
       209,1.599182040E+000,2.900617639E+000,9.296264279E-012
       210,1.500000000E+000,3.000000000E+000,7.346076872E-014
       211,1.499084022E+000,2.901111762E+000,1.823258341E-012
       212,1.400000000E+000,3.000000000E+000,9.480758463E-015
       213,1.399221828E+000,2.901666142E+000,2.567634690E-013
       214,1.300000000E+000,3.000000000E+000,7.861281020E-016
       215,1.299616206E+000,2.902054052E+000,2.593747699E-014
       216,1.200000000E+000,3.000000000E+000,5.441527589E-017
       217,1.200111346E+000,2.902087791E+000,2.350123617E-015
       218,1.100000000E+000,3.000000000E+000,5.549236679E-018
       219,1.100503248E+000,2.901786895E+000,2.682768279E-016
       220,1.000000000E+000,3.000000000E+000,8.406286565E-019
       221,1.000688193E+000,2.901328335E+000,4.050107228E-017
       222,9.000000000E-001,3.000000000E+000,1.431058132E-019
       223,9.006712516E-001,2.900879493E+000,6.864928241E-018
       224,8.000000000E-001,3.000000000E+000,2.357042270E-020
       225,8.005026503E-001,2.900506436E+000,1.142739780E-018
       226,7.000000000E-001,3.000000000E+000,3.485196668E-021
       227,7.002303127E-001,2.900191369E+000,1.727952512E-019
       228,6.000000000E-001,3.000000000E+000,4.354579850E-022
       229,5.999199813E-001,2.899987133E+000,2.241543622E-020
       230,5.000000000E-001,3.000000000E+000,4.282654226E-023
       231,4.996321214E-001,2.899905558E+000,2.349063289E-021
       232,4.000000000E-001,3.000000000E+000,2.973346519E-024
       233,3.994465926E-001,2.899938034E+000,1.841495819E-022
       234,3.000000000E-001,3.000000000E+000,1.151915401E-025
       235,2.993973557E-001,2.900035214E+000,9.475484805E-024
       236,2.000000000E-001,3.000000000E+000,6.540826907E-028
       237,1.994911393E-001,2.900157643E+000,2.380992739E-025
       238,4.000000000E+000,2.000000000E-001,2.528321090E-007
       239,3.900168512E+000,1.997191324E-001,2.929188838E-007
       240,4.000000000E+000,3.000000000E-001,2.183496235E-006
       241,3.900176137E+000,2.996799739E-001,2.559273526E-006
       242,4.000000000E+000,4.000000000E-001,1.324658297E-005
       243,3.900150609E+000,3.997003350E-001,1.565218372E-005
       244,4.000000000E+000,5.000000000E-001,6.007611591E-005
       245,3.900115640E+000,4.997610660E-001,7.134943007E-005
       246,4.000000000E+000,6.000000000E-001,2.129409404E-004
       247,3.900084725E+000,5.998498549E-001,2.535118256E-004
       248,4.000000000E+000,7.000000000E-001,6.121246261E-004
       249,3.900065892E+000,6.999695734E-001,7.288423367E-004
       250,4.000000000E+000,8.000000000E-001,1.475518453E-003
       251,3.900072366E+000,8.001378625E-001,1.754056080E-003
       252,4.000000000E+000,9.000000000E-001,3.073918633E-003
       253,3.900141582E+000,9.003756823E-001,3.644321579E-003
       254,4.000000000E+000,1.000000000E+000,5.679360125E-003
       255,3.900345746E+000,1.000685629E+000,6.710995454E-003
       256,4.000000000E+000,1.100000000E+000,9.499003179E-003
       257,3.900770783E+000,1.101018099E+000,1.118310168E-002
       258,4.000000000E+000,1.200000000E+000,1.461228821E-002
       259,3.901447948E+000,1.201238583E+000,1.713150740E-002
       260,4.000000000E+000,1.300000000E+000,2.096292190E-002
       261,3.902256695E+000,1.301175284E+000,2.446028031E-002
       262,4.000000000E+000,1.400000000E+000,2.853030525E-002
       263,3.902915168E+000,1.400771367E+000,3.310801461E-002
       264,4.000000000E+000,1.500000000E+000,3.841155022E-002
       265,3.903163020E+000,1.500161864E+000,4.426477477E-002
       266,4.000000000E+000,1.600000000E+000,3.891573474E-002
       267,3.902944890E+000,1.599568169E+000,4.494058713E-002
       268,4.000000000E+000,1.700000000E+000,2.964287624E-002
       269,3.902400769E+000,1.699157935E+000,3.453280777E-002
       270,4.000000000E+000,1.800000000E+000,2.214089967E-002
       271,3.901743861E+000,1.798987992E+000,2.592078783E-002
       272,4.000000000E+000,1.900000000E+000,1.566059701E-002
       273,3.901146957E+000,1.899020051E+000,1.841823943E-002
       274,4.000000000E+000,2.000000000E+000,1.033482421E-002
       275,3.900693811E+000,1.999174306E+000,1.220901962E-002
       276,4.000000000E+000,2.100000000E+000,6.263686810E-003
       277,3.900393477E+000,2.099379111E+000,7.431541104E-003
       278,4.000000000E+000,2.200000000E+000,3.418993205E-003
       279,3.900219255E+000,2.199592353E+000,4.072621930E-003
       280,4.000000000E+000,2.300000000E+000,1.640024479E-003
       281,3.900138689E+000,2.299798657E+000,1.959892223E-003
       282,4.000000000E+000,2.400000000E+000,6.710193702E-004
       283,3.900123237E+000,2.399992767E+000,8.033987251E-004
       284,4.000000000E+000,2.500000000E+000,2.261796471E-004
       285,3.900148478E+000,2.500154266E+000,2.707704552E-004
       286,4.000000000E+000,2.600000000E+000,6.033829413E-005
       287,3.900177348E+000,2.600252070E+000,7.205382281E-005
       288,4.000000000E+000,2.700000000E+000,1.213564519E-005
       289,3.900179788E+000,2.700273570E+000,1.441778386E-005
       290,4.000000000E+000,2.800000000E+000,1.722441084E-006
       291,3.900142999E+000,2.800220634E+000,2.030469659E-006
       292,1.989544834E-001,2.800225521E+000,2.036456418E-023
       293,1.983301160E-001,2.700179011E+000,9.400077654E-022
       294,1.975242659E-001,2.600052021E+000,2.768027119E-020
       295,1.965348445E-001,2.500076192E+000,5.706179311E-019
       296,1.952726864E-001,2.400562325E+000,9.527313267E-018
       297,1.936789641E-001,2.302040329E+000,1.378360966E-016
       298,1.918102686E-001,2.204876022E+000,1.781851330E-015
       299,1.903864765E-001,2.109841308E+000,1.872352100E-014
       300,1.904630273E-001,2.017336676E+000,2.773201794E-014
       301,1.932809427E-001,1.927700161E+000,2.968567059E-010
       302,2.001266700E-001,1.840989260E+000,3.931070935E-008
       303,2.138484590E-001,1.758218824E+000,9.593462892E-005
       304,2.356730026E-001,1.680938499E+000,7.074252516E-002
       305,2.598258278E-001,1.612050579E+000,1.443105638E-001
       306,2.851072097E-001,1.551775920E+000,1.498098969E-001
       307,2.680671081E-001,1.460667307E+000,1.193025410E-001
       308,3.146932034E-001,1.501963189E+000,1.334789544E-001
       309,2.126271518E-001,1.413382573E+000,9.315881878E-002
       310,3.800294955E+000,1.995187540E-001,3.786569209E-007
       311,3.800318129E+000,2.994394692E-001,3.379224836E-006
       312,3.800285673E+000,3.994652047E-001,2.098641380E-005
       313,3.800229356E+000,4.995750532E-001,9.664816025E-005
       314,3.800177056E+000,5.997588881E-001,3.452818200E-004
       315,3.800148129E+000,7.000285440E-001,9.938692674E-004
       316,3.800178180E+000,8.004130925E-001,2.386185573E-003
       317,3.800346029E+000,9.009324383E-001,4.932112060E-003
       318,3.800783532E+000,1.001558527E+000,9.016665630E-003
       319,3.801634696E+000,1.102159751E+000,1.489092037E-002
       320,3.802928351E+000,1.202472447E+000,2.257484198E-002
       321,3.804407856E+000,1.302228971E+000,3.186579794E-002
       322,3.805566663E+000,1.401396519E+000,4.260136187E-002
       323,3.805979860E+000,1.500235599E+000,5.604110286E-002
       324,3.805571080E+000,1.599119429E+000,5.704880133E-002
       325,3.804582770E+000,1.698333682E+000,4.468422011E-002
       326,3.803381608E+000,1.797984280E+000,3.395263478E-002
       327,3.802272043E+000,1.898016882E+000,2.440447733E-002
       328,3.801411850E+000,1.998300248E+000,1.635192893E-002
       329,3.800830301E+000,2.098705180E+000,1.004964299E-002
       330,3.800487617E+000,2.199144147E+000,5.552431569E-003
       331,3.800323059E+000,2.299570989E+000,2.688253531E-003
       332,3.800280987E+000,2.399951537E+000,1.105382689E-003
       333,3.800301978E+000,2.500241966E+000,3.722691035E-004
       334,3.800326211E+000,2.600406121E+000,9.855619282E-005
       335,3.800317243E+000,2.700452944E+000,1.952455386E-005
       336,3.800252323E+000,2.800374452E+000,2.709605496E-006
       337,3.700341317E+000,2.800483805E+000,3.501470019E-006
       338,3.600389280E+000,2.800510333E+000,4.357090802E-006
       339,3.500392351E+000,2.800495685E+000,5.182961104E-006
       340,3.400359205E+000,2.800468784E+000,5.847013199E-006
       341,3.300315580E+000,2.800441832E+000,6.208073501E-006
       342,3.200281063E+000,2.800403189E+000,6.162625596E-006
       343,3.100254792E+000,2.800340963E+000,5.688045349E-006
       344,3.000225785E+000,2.800260286E+000,4.855273346E-006
       345,2.900189099E+000,2.800178890E+000,3.810910357E-006
       346,2.800148066E+000,2.800111748E+000,2.736351462E-006
       347,2.700108494E+000,2.800064260E+000,1.792419425E-006
       348,2.600074171E+000,2.800034475E+000,1.074553552E-006
       349,2.500045368E+000,2.800017682E+000,6.019846523E-007
       350,2.400018602E+000,2.800009581E+000,3.247971563E-007
       351,2.299986159E+000,2.800007507E+000,1.694990033E-007
       352,2.199934800E+000,2.800010550E+000,8.506016513E-008
       353,2.099844333E+000,2.800020512E+000,4.074568949E-008
       354,1.999688384E+000,2.800046238E+000,1.839004149E-008
       355,1.899441577E+000,2.800113724E+000,7.662886325E-009
       356,1.799097577E+000,2.800280023E+000,2.864769977E-009
       357,1.698696812E+000,2.800636301E+000,9.262693945E-010
       358,1.598353756E+000,2.801274903E+000,2.477783256E-010
       359,1.498263512E+000,2.802194112E+000,5.227514949E-011
       360,1.398607071E+000,2.803177601E+000,8.419078802E-012
       361,1.299354695E+000,2.803826859E+000,1.074769939E-012
       362,1.200229640E+000,2.803859703E+000,1.290768436E-013
       363,1.100916663E+000,2.803336266E+000,1.767160942E-014
       364,1.001242170E+000,2.802536790E+000,2.829397517E-015
       365,9.011834653E-001,2.801691649E+000,4.796846048E-016
       366,8.008136986E-001,2.800871949E+000,7.843032754E-017
       367,7.002697522E-001,2.800205300E+000,1.162488365E-017
       368,5.996536077E-001,2.799772996E+000,1.486441183E-018
       369,4.991255528E-001,2.799617695E+000,1.558300482E-019
       370,3.988115159E-001,2.799691885E+000,1.256262461E-020
       371,2.987647592E-001,2.799914860E+000,6.970674347E-022
       372,2.952133693E-001,1.895484178E-001,6.871634271E-020
       373,3.947602916E-001,1.902136405E-001,3.943326110E-019
       374,4.948308428E-001,1.907611336E-001,2.457787692E-018
       375,5.950785426E-001,1.913140166E-001,2.423326851E-017
       376,6.952880201E-001,1.920526773E-001,2.798451539E-016
       377,7.954649324E-001,1.931143867E-001,2.292023510E-015
       378,8.957253245E-001,1.944249152E-001,1.278625965E-014
       379,9.961347575E-001,1.957918355E-001,5.215795786E-014
       380,1.096676639E+000,1.970262753E-001,1.696297725E-013
       381,1.197285133E+000,1.980168880E-001,4.989982494E-013
       382,1.297886064E+000,1.987392829E-001,1.413760276E-012
       383,1.398423316E+000,1.992275849E-001,3.896350690E-012
       384,1.498867691E+000,1.995392246E-001,1.052957374E-011
       385,1.599213379E+000,1.997301560E-001,2.813230551E-011
       386,1.699469310E+000,1.998439921E-001,7.440968675E-011
       387,1.799651129E+000,1.999107963E-001,1.937836419E-010
       388,1.899775896E+000,1.999497386E-001,4.925949093E-010
       389,1.999859144E+000,1.999723292E-001,1.211394540E-009
       390,2.099913624E+000,1.999852589E-001,2.864484872E-009
       391,2.199949341E+000,1.999924509E-001,6.492395066E-009
       392,2.299974400E+000,1.999961548E-001,1.411290196E-008
       393,2.399996114E+000,1.999970988E-001,2.953064282E-008
       394,2.500021856E+000,1.999935195E-001,5.861467400E-008
       395,2.600058914E+000,1.999790854E-001,1.074941238E-007
       396,2.700112159E+000,1.999414498E-001,1.798531883E-007
       397,2.800179547E+000,1.998658628E-001,2.746847088E-007
       398,2.900249186E+000,1.997467961E-001,3.855362820E-007
       399,3.000304062E+000,1.996015400E-001,5.015066904E-007
       400,3.100338066E+000,1.994669422E-001,6.071414873E-007
       401,3.200365906E+000,1.993750014E-001,6.842107041E-007
       402,3.300402430E+000,1.993142676E-001,7.181575938E-007
       403,3.400442285E+000,1.992789458E-001,7.045875350E-007
       404,3.500459153E+000,1.992752982E-001,6.501250027E-007
       405,3.600433953E+000,1.993165608E-001,5.677405284E-007
       406,3.700365758E+000,1.994098198E-001,4.728617569E-007
       407,2.979507537E-001,2.699646570E+000,3.023498943E-020
       408,2.968600169E-001,2.599333105E+000,8.577082300E-019
       409,2.953960322E-001,2.499298667E+000,1.777160654E-017
       410,2.934737242E-001,2.400217570E+000,2.901668591E-016
       411,2.910611950E-001,2.302530436E+000,4.016955920E-015
       412,2.884597773E-001,2.206948533E+000,4.769963721E-014
       413,2.863530970E-001,2.114013061E+000,4.681031496E-013
       414,2.857670640E-001,2.024312647E+000,3.418877161E-012
       415,2.871243386E-001,1.937732913E+000,3.616347499E-010
       416,2.918748417E-001,1.854753668E+000,1.200122171E-007
       417,3.008688422E-001,1.775480331E+000,1.196302619E-004
       418,3.134836066E-001,1.700780352E+000,6.099711359E-002
       419,3.270287569E-001,1.632592199E+000,1.340934634E-001
       420,3.391260201E-001,1.574064210E+000,1.464238018E-001
       421,3.479658422E-001,1.531523284E+000,1.384130269E-001
       422,3.617348260E-001,1.466005782E+000,1.161101013E-001
       423,3.898576785E-001,1.517789152E+000,1.316183209E-001
       424,3.210895525E-001,1.410468387E+000,9.187205881E-002
       425,2.704922909E-001,1.346282069E+000,5.896549672E-002
       426,3.979633545E-001,2.699241739E+000,5.312078414E-019
       427,3.966680064E-001,2.598794777E+000,1.545179505E-017
       428,3.948224672E-001,2.498930934E+000,3.264380275E-016
       429,3.923318701E-001,2.400233005E+000,5.368223346E-015
       430,3.892601080E-001,2.303562673E+000,7.271270310E-014
       431,3.859809330E-001,2.209427725E+000,8.249240592E-013
       432,3.831476015E-001,2.118332094E+000,7.658620266E-012
       433,3.813248964E-001,2.030507551E+000,5.532587929E-011
       434,3.810954309E-001,1.946106260E+000,7.920543110E-010
       435,3.831262176E-001,1.864777872E+000,2.304468865E-007
       436,3.873750140E-001,1.786272602E+000,1.494066673E-004
       437,3.927703443E-001,1.710969410E+000,5.722040311E-002
       438,3.970979807E-001,1.640107666E+000,1.296934038E-001
       439,3.976089334E-001,1.575100621E+000,1.431331187E-001
       440,4.493197533E-001,1.499636728E+000,1.227085516E-001
       441,4.647419617E-001,1.567344184E+000,1.393315643E-001
       442,4.223072676E-001,1.435140428E+000,1.012542322E-001
       443,3.871803627E-001,1.369336740E+000,7.418163121E-002
       444,3.474214742E-001,1.297449045E+000,4.279759526E-002
       445,3.082031595E-001,1.213640141E+000,1.285224967E-002
       446,2.871810761E-001,1.118925672E+000,3.235063923E-004
       447,2.768206394E-001,1.027048905E+000,5.488527108E-007
       448,2.737590934E-001,9.367464923E-001,1.319629184E-009
       449,2.744436692E-001,8.457789070E-001,1.477465199E-011
       450,2.766607356E-001,7.535570428E-001,4.486817818E-013
       451,2.794612963E-001,6.604288295E-001,3.834670957E-014
       452,2.826227180E-001,5.667629821E-001,6.031165117E-015
       453,2.859902498E-001,4.727786275E-001,7.300106340E-016
       454,2.893683715E-001,3.785388669E-001,5.658582428E-017
       455,2.925078630E-001,2.840918062E-001,2.562918212E-018
       456,3.700415317E+000,2.700552786E+000,2.565563591E-005
       457,3.600476579E+000,2.700593218E+000,3.252575334E-005
       458,3.500488474E+000,2.700608294E+000,3.949673192E-005
       459,3.400465070E+000,2.700615968E+000,4.561847527E-005
       460,3.300437622E+000,2.700614635E+000,4.977677963E-005
       461,3.200422333E+000,2.700584284E+000,5.099199552E-005
       462,3.100408116E+000,2.700507705E+000,4.876393359E-005
       463,3.000378169E+000,2.700397403E+000,4.328492651E-005
       464,2.900328016E+000,2.700280835E+000,3.545728396E-005
       465,2.800264944E+000,2.700180967E+000,2.667166336E-005
       466,2.700199274E+000,2.700107674E+000,1.838161370E-005
       467,2.600137715E+000,2.700060250E+000,1.166267157E-005
       468,2.500080687E+000,2.700033583E+000,6.955611298E-006
       469,2.400021775E+000,2.700022847E+000,3.991126960E-006
       470,2.299947591E+000,2.700025071E+000,2.202403721E-006
       471,2.199837128E+000,2.700038930E+000,1.162241915E-006
       472,2.099661675E+000,2.700066484E+000,5.819527473E-007
       473,1.999388936E+000,2.700120553E+000,2.732408007E-007
       474,1.898996356E+000,2.700239379E+000,1.181442784E-007
       475,1.798496385E+000,2.700503060E+000,4.591337799E-008
       476,1.697968438E+000,2.701033020E+000,1.556027662E-008
       477,1.597583928E+000,2.701939893E+000,4.447660462E-009
       478,1.497586374E+000,2.703190366E+000,1.041125519E-009
       479,1.398144354E+000,2.704466346E+000,1.982139591E-010
       480,1.299159966E+000,2.705269023E+000,3.220564787E-011
       481,1.200286711E+000,2.705295141E+000,4.984596069E-012
       482,1.101132423E+000,2.704638591E+000,8.083919818E-013
       483,1.001445668E+000,2.703542123E+000,1.384490667E-013
       484,9.012237427E-001,2.702220874E+000,2.361779595E-014
       485,8.006269442E-001,2.700976130E+000,3.754415517E-015
       486,6.997999774E-001,2.699961925E+000,5.304225665E-016
       487,5.989356032E-001,2.699362399E+000,6.468347911E-017
       488,4.982645752E-001,2.699145901E+000,6.607610964E-018
       489,3.700415468E+000,2.992880899E-001,4.315091701E-006
       490,3.700385585E+000,3.993076003E-001,2.727485844E-005
       491,3.700322199E+000,4.994604667E-001,1.272259688E-004
       492,3.700261364E+000,5.997498123E-001,4.580957175E-004
       493,3.700238358E+000,7.002012787E-001,1.322376775E-003
       494,3.700312427E+000,8.008381655E-001,3.169231117E-003
       495,3.700598894E+000,9.016520292E-001,6.512241438E-003
       496,3.701274089E+000,1.002554849E+000,1.179430448E-002
       497,3.702517104E+000,1.103321633E+000,1.923851483E-002
       498,3.704327391E+000,1.203601578E+000,2.874055132E-002
       499,3.706318877E+000,1.303111245E+000,3.992815688E-002
       500,3.707829246E+000,1.401876097E+000,5.249716714E-002
       501,3.708344387E+000,1.500245406E+000,6.758123636E-002
       502,3.707784876E+000,1.598686607E+000,6.890978664E-002
       503,3.706460653E+000,1.697564242E+000,5.524815619E-002
       504,3.704839416E+000,1.797028803E+000,4.270401970E-002
       505,3.703318488E+000,1.897031855E+000,3.120800667E-002
       506,3.702116231E+000,1.997416145E+000,2.123039961E-002
       507,3.701285934E+000,2.098009809E+000,1.321714092E-002
       508,3.700783340E+000,2.198678746E+000,7.376134396E-003
       509,3.700533478E+000,2.299325106E+000,3.594926093E-003
       510,3.700447986E+000,2.399873809E+000,1.481989748E-003
       511,3.700439668E+000,2.500262037E+000,4.980959930E-004
       512,3.700432483E+000,2.600457303E+000,1.309984946E-004
       513,3.915787197E-001,2.851949016E-001,2.058652532E-017
       514,4.914199435E-001,2.862323686E-001,1.699686223E-016
       515,5.916253743E-001,2.873047153E-001,1.529400360E-015
       516,6.919222226E-001,2.886349581E-001,1.091787607E-014
       517,7.923114341E-001,2.902865242E-001,6.030772940E-014
       518,8.928724006E-001,2.921572564E-001,2.583742411E-013
       519,9.936377030E-001,2.940454974E-001,9.135779156E-013
       520,1.094570685E+000,2.957237441E-001,2.869196200E-012
       521,1.195569828E+000,2.970755729E-001,8.644370809E-012
       522,1.296531950E+000,2.980772816E-001,2.539359695E-011
       523,1.397383669E+000,2.987707665E-001,7.307107003E-011
       524,1.498089148E+000,2.992274794E-001,2.067675337E-010
       525,1.598643361E+000,2.995189139E-001,5.734858699E-010
       526,1.699060423E+000,2.997020979E-001,1.546456851E-009
       527,1.799363376E+000,2.998170369E-001,4.018150701E-009
       528,1.899577322E+000,2.998894763E-001,9.986623972E-009
       529,1.999725338E+000,2.999350582E-001,2.363740315E-008
       530,2.099826851E+000,2.999632528E-001,5.316973528E-008
       531,2.199898016E+000,2.999800257E-001,1.137399011E-007
       532,2.299953043E+000,2.999889143E-001,2.319262649E-007
       533,2.400005446E+000,2.999905391E-001,4.524814585E-007
       534,2.500068216E+000,2.999804743E-001,8.412237094E-007
       535,2.600151610E+000,2.999462772E-001,1.456372274E-006
       536,2.700257546E+000,2.998675224E-001,2.315057600E-006
       537,2.800372814E+000,2.997250623E-001,3.381028137E-006
       538,2.900467764E+000,2.995225984E-001,4.564003575E-006
       539,3.000513086E+000,2.993052277E-001,5.723736194E-006
       540,3.100511994E+000,2.991495939E-001,6.681500508E-006
       541,3.200499655E+000,2.990734741E-001,7.261045539E-006
       542,3.300504522E+000,2.990602438E-001,7.357446975E-006
       543,3.400515591E+000,2.990792930E-001,6.982571904E-006
       544,3.500508245E+000,2.991263851E-001,6.245729310E-006
       545,3.600463458E+000,2.992090402E-001,5.306120329E-006
       546,4.721126766E-001,1.638865488E+000,1.285712272E-001
       547,5.395605769E-001,1.554011448E+000,1.346211731E-001
       548,5.526039781E-001,1.631645242E+000,1.285992265E-001
       549,5.197386622E-001,1.479332980E+000,1.146593243E-001
       550,4.929680709E-001,1.407345018E+000,8.994964510E-002
       551,4.615623514E-001,1.335502731E+000,6.176818535E-002
       552,4.285711989E-001,1.261045058E+000,3.262325004E-002
       553,3.982866014E-001,1.182021673E+000,9.300190955E-003
       554,3.762138811E-001,1.099711657E+000,2.637465950E-004
       555,3.632779500E-001,1.017795876E+000,6.805626640E-007
       556,3.614107053E-001,9.343688969E-001,1.873184496E-009
       557,3.645882174E-001,8.470983668E-001,2.572045354E-011
       558,3.693459646E-001,7.564559599E-001,2.215764031E-012
       559,3.743481948E-001,6.636497735E-001,3.938179264E-013
       560,3.792017318E-001,5.696545519E-001,6.663732202E-014
       561,3.837936247E-001,4.750491151E-001,7.851914106E-015
       562,3.879999454E-001,3.801573134E-001,5.568628059E-016
       563,3.600443855E+000,3.992170555E-001,3.421940710E-005
       564,3.600383937E+000,4.994048493E-001,1.621289121E-004
       565,3.600329802E+000,5.998070159E-001,5.898633390E-004
       566,3.600328779E+000,7.004525266E-001,1.710638287E-003
       567,3.600464070E+000,8.013488723E-001,4.094782751E-003
       568,3.600879198E+000,9.024346202E-001,8.358612657E-003
       569,3.601782637E+000,1.003546964E+000,1.496731676E-002
       570,3.603364102E+000,1.104383079E+000,2.404478565E-002
       571,3.605570794E+000,1.204558048E+000,3.528528661E-002
       572,3.607914873E+000,1.303816878E+000,4.811185226E-002
       573,3.609651878E+000,1.402239616E+000,6.209549680E-002
       574,3.610229775E+000,1.500228342E+000,7.812254131E-002
       575,3.609569803E+000,1.598304294E+000,7.970134914E-002
       576,3.608017205E+000,1.696886002E+000,6.541141868E-002
       577,3.606096786E+000,1.796167262E+000,5.155226216E-002
       578,3.604264914E+000,1.896120537E+000,3.843644261E-002
       579,3.602784145E+000,1.996583070E+000,2.664118260E-002
       580,3.601731078E+000,2.097353749E+000,1.684758253E-002
       581,3.601078781E+000,2.198239494E+000,9.512585588E-003
       582,3.600737330E+000,2.299088742E+000,4.668817855E-003
       583,3.600593147E+000,2.399780757E+000,1.928228769E-003
       584,3.600542146E+000,2.500250532E+000,6.457648124E-004
       585,3.600506743E+000,2.600489484E+000,1.683306473E-004
       586,3.500534897E+000,2.600538816E+000,2.079109690E-004
       587,3.400533554E+000,2.600582977E+000,2.452308836E-004
       588,3.300535705E+000,2.600620613E+000,2.744389349E-004
       589,3.200548171E+000,2.600617815E+000,2.897134109E-004
       590,3.100552271E+000,2.600559104E+000,2.868559677E-004
       591,3.000528326E+000,2.600453100E+000,2.648238442E-004
       592,2.900471272E+000,2.600332603E+000,2.266010270E-004
       593,2.800390330E+000,2.600223900E+000,1.788390800E-004
       594,2.700298454E+000,2.600140165E+000,1.299329597E-004
       595,2.600203842E+000,2.600084543E+000,8.744522347E-005
       596,2.500106214E+000,2.600055832E+000,5.560854333E-005
       597,2.399996451E+000,2.600052550E+000,3.396706234E-005
       598,2.299857398E+000,2.600073215E+000,1.985090239E-005
       599,2.199663995E+000,2.600115406E+000,1.104215426E-005
       600,2.099384481E+000,2.600179319E+000,5.805769888E-006
       601,1.998988013E+000,2.600279439E+000,2.854617605E-006
       602,1.898463597E+000,2.600463449E+000,1.293131845E-006
       603,1.797849693E+000,2.600829368E+000,5.293708796E-007
       604,1.697263946E+000,2.601517391E+000,1.915853147E-007
       605,1.596913986E+000,2.602636000E+000,5.998270325E-008
       606,1.497041903E+000,2.604105675E+000,1.601823563E-008
       607,1.397761902E+000,2.605540065E+000,3.670748816E-009
       608,1.298908972E+000,2.606417617E+000,7.489519560E-010
       609,1.200038888E+000,2.606471185E+000,1.436808589E-010
       610,1.100722008E+000,2.605683678E+000,2.682518270E-011
       611,1.000783160E+000,2.604238128E+000,4.845676811E-012
       612,9.003017814E-001,2.602631434E+000,8.169257913E-013
       613,7.994717166E-001,2.601053837E+000,1.243839694E-013
       614,6.984415201E-001,2.599888968E+000,1.669975092E-014
       615,5.974892103E-001,2.599130473E+000,1.940055274E-015
       616,4.968448438E-001,2.598833272E+000,1.921463933E-016
       617,4.873594380E-001,3.818559458E-001,5.369348205E-015
       618,5.873412594E-001,3.837337068E-001,4.827314966E-014
       619,6.877003496E-001,3.858429683E-001,2.711368998E-013
       620,7.883545030E-001,3.881039230E-001,1.098329002E-012
       621,8.893104283E-001,3.904672470E-001,3.821234128E-012
       622,9.905527103E-001,3.926624725E-001,1.236359973E-011
       623,1.091996929E+000,3.945907660E-001,3.864381037E-011
       624,1.193487100E+000,3.961682561E-001,1.177186820E-010
       625,1.294885667E+000,3.973682199E-001,3.537704574E-010
       626,1.396106063E+000,3.982283732E-001,1.054903387E-009
       627,1.497112773E+000,3.988199309E-001,3.091064738E-009
       628,1.597907450E+000,3.992177760E-001,8.751491976E-009
       629,1.698513170E+000,3.994839223E-001,2.359884022E-008
       630,1.798962351E+000,3.996630625E-001,6.010219522E-008
       631,1.899288853E+000,3.997844786E-001,1.440882471E-007
       632,1.999523441E+000,3.998664109E-001,3.250542591E-007
       633,2.099692547E+000,3.999204764E-001,6.912674166E-007
       634,2.199819246E+000,3.999544480E-001,1.389669706E-006
       635,2.299924722E+000,3.999729627E-001,2.651008117E-006
       636,2.400028832E+000,3.999761594E-001,4.818954949E-006
       637,2.500148414E+000,3.999565133E-001,8.364183486E-006
       638,2.600292213E+000,3.998959761E-001,1.364262334E-005
       639,2.700453100E+000,3.997689322E-001,2.061497071E-005
       640,2.800600951E+000,3.995601602E-001,2.881439468E-005
       641,2.900690382E+000,3.992976798E-001,3.735111386E-005
       642,3.000695776E+000,3.990761911E-001,4.500683644E-005
       643,3.100640766E+000,3.989573357E-001,5.047369996E-005
       644,3.200579577E+000,3.989550377E-001,5.275808144E-005
       645,3.300539840E+000,3.990142588E-001,5.156736370E-005
       646,3.400513146E+000,3.990917580E-001,4.737942436E-005
       647,3.500476470E+000,3.991715169E-001,4.122084647E-005
       648,4.948028977E-001,2.499048866E+000,4.163767906E-015
       649,4.919167105E-001,2.400908831E+000,7.003973139E-014
       650,4.883427382E-001,2.305126064E+000,9.463135570E-013
       651,4.844588315E-001,2.212211763E+000,1.045696602E-011
       652,4.808359199E-001,2.122476153E+000,9.379633181E-011
       653,4.779317122E-001,2.035919122E+000,6.592371093E-010
       654,4.760390607E-001,1.952219605E+000,6.178862755E-009
       655,4.753227902E-001,1.870699889E+000,2.646504072E-006
       656,4.753622213E-001,1.791026703E+000,2.759472700E-003
       657,4.749707138E-001,1.713340240E+000,5.952018127E-002
       658,5.603800603E-001,1.710453598E+000,6.741702557E-002
       659,6.369669128E-001,1.619575243E+000,1.285212487E-001
       660,6.488820107E-001,1.703163104E+000,7.765918970E-002
       661,6.199844122E-001,1.537592458E+000,1.295069754E-001
       662,5.976137048E-001,1.458436107E+000,1.072342619E-001
       663,5.706621824E-001,1.381604337E+000,8.064115047E-002
       664,5.411265051E-001,1.306054719E+000,5.220687389E-002
       665,5.111839277E-001,1.230286722E+000,2.545727603E-002
       666,4.828119904E-001,1.154038719E+000,6.649232935E-003
       667,4.581830054E-001,1.079351737E+000,1.823796338E-004
       668,4.403502601E-001,1.008946706E+000,7.864021541E-007
       669,4.449216954E-001,9.345308792E-001,3.217323741E-009
       670,4.538557695E-001,8.507884445E-001,2.509465968E-010
       671,4.626310304E-001,7.609599868E-001,4.097219439E-011
       672,4.703002289E-001,6.678186220E-001,6.308625931E-012
       673,4.768985465E-001,5.730677084E-001,8.262003278E-013
       674,4.825654913E-001,4.775900603E-001,8.251750249E-014
       675,3.500429365E+000,4.993855967E-001,1.990172459E-004
       676,3.500391778E+000,5.998835588E-001,7.337834104E-004
       677,3.500425144E+000,7.007126379E-001,2.142554848E-003
       678,3.500628679E+000,8.018427337E-001,5.127778742E-003
       679,3.501175164E+000,9.031613092E-001,1.039581932E-002
       680,3.502290759E+000,1.004427745E+000,1.838112809E-002
       681,3.504153646E+000,1.105284356E+000,2.902648225E-002
       682,3.506651156E+000,1.205341934E+000,4.176256433E-002
       683,3.509230141E+000,1.304382151E+000,5.582355708E-002
       684,3.511113608E+000,1.402524239E+000,7.075016201E-002
       685,3.511737999E+000,1.500201668E+000,8.710169792E-002
       686,3.511022393E+000,1.597972439E+000,8.881107718E-002
       687,3.509324960E+000,1.696299365E+000,7.442039996E-002
       688,3.507197697E+000,1.795417657E+000,5.980106071E-002
       689,3.505126033E+000,1.895326811E+000,4.556849971E-002
       690,3.503398870E+000,1.995870231E+000,3.225685656E-002
       691,3.502144645E+000,2.096801890E+000,2.076158486E-002
       692,3.501350083E+000,2.197885791E+000,1.187187340E-002
       693,3.500911773E+000,2.298901950E+000,5.866656080E-003
       694,3.500698056E+000,2.399704450E+000,2.424267121E-003
       695,3.500591512E+000,2.500229411E+000,8.071608027E-004
       696,3.400609629E+000,2.500279487E+000,9.672919405E-004
       697,3.300633256E+000,2.500337762E+000,1.105190837E-003
       698,3.200663253E+000,2.500377232E+000,1.197573030E-003
       699,3.100679553E+000,2.500364913E+000,1.224080217E-003
       700,3.000658564E+000,2.500315230E+000,1.173333847E-003
       701,2.900595207E+000,2.500246114E+000,1.048489707E-003
       702,2.800497277E+000,2.500179037E+000,8.691113908E-004
       703,2.700376876E+000,2.500125025E+000,6.669837749E-004
       704,2.600240847E+000,2.500091436E+000,4.771008389E-004
       705,2.500087010E+000,2.500086203E+000,3.235490876E-004
       706,2.399905370E+000,2.500116708E+000,2.101774589E-004
       707,2.299679663E+000,2.500185259E+000,1.302158489E-004
       708,2.199386618E+000,2.500287279E+000,7.657625974E-005
       709,2.098997276E+000,2.500418803E+000,4.249182894E-005
       710,1.998487772E+000,2.500593917E+000,2.206298814E-005
       711,1.897862769E+000,2.500867092E+000,1.059967508E-005
       712,1.797185605E+000,2.501347512E+000,4.648851700E-006
       713,1.696599255E+000,2.502178367E+000,1.834613840E-006
       714,1.596310975E+000,2.503445439E+000,6.432773034E-007
       715,1.496511470E+000,2.505023575E+000,1.991318044E-007
       716,1.397221101E+000,2.506507039E+000,5.466850439E-008
       717,1.298126206E+000,2.507432661E+000,1.351123036E-008
       718,1.198832633E+000,2.507510879E+000,3.051009889E-009
       719,1.099043432E+000,2.506640012E+000,6.328043090E-010
       720,9.987042814E-001,2.505233148E+000,1.192937416E-010
       721,8.979979220E-001,2.503541405E+000,1.999197682E-011
       722,7.970279041E-001,2.502029223E+000,2.934546486E-012
       723,6.959916854E-001,2.500813962E+000,3.752529158E-013
       724,5.951535193E-001,2.499932014E+000,4.222765529E-014
       725,5.821007845E-001,4.804984242E-001,9.957741012E-013
       726,6.823766207E-001,4.835196073E-001,4.508555855E-012
       727,7.832830625E-001,4.864939752E-001,1.481808426E-011
       728,8.847181273E-001,4.890803415E-001,4.682768409E-011
       729,9.865858259E-001,4.913835304E-001,1.460788296E-010
       730,1.088692515E+000,4.934059466E-001,4.438515944E-010
       731,1.190810860E+000,4.951187272E-001,1.339221289E-009
       732,1.292766608E+000,4.964857628E-001,4.089165895E-009
       733,1.394454749E+000,4.975129374E-001,1.251620318E-008
       734,1.495839571E+000,4.982557056E-001,3.729380182E-008
       735,1.596933604E+000,4.987834422E-001,1.053145482E-007
       736,1.697774282E+000,4.991576291E-001,2.777648547E-007
       737,1.798407745E+000,4.994245854E-001,6.811120556E-007
       738,1.898879412E+000,4.996158142E-001,1.554196956E-006
       739,1.999229664E+000,4.997517617E-001,3.311781256E-006
       740,2.099493443E+000,4.998460121E-001,6.618956832E-006
       741,2.199701539E+000,4.999078730E-001,1.246259762E-005
       742,2.299881683E+000,4.999427962E-001,2.220441820E-005
       743,2.400057741E+000,4.999503894E-001,3.760246545E-005
       744,2.500245790E+000,4.999209513E-001,6.082440450E-005
       745,2.600447575E+000,4.998341950E-001,9.333544585E-005
       746,2.700642640E+000,4.996686296E-001,1.340602175E-004
       747,2.800789031E+000,4.994365400E-001,1.790011447E-004
       748,2.900845281E+000,4.992175512E-001,2.220394235E-004
       749,3.000805378E+000,4.990824291E-001,2.561821020E-004
       750,3.100712159E+000,4.990825043E-001,2.755323076E-004
       751,3.200616247E+000,4.991742571E-001,2.771707950E-004
       752,3.300541771E+000,4.992926825E-001,2.619263541E-004
       753,3.400480222E+000,4.993837371E-001,2.339961793E-004
       754,5.920437914E-001,2.402158251E+000,7.169326439E-013
       755,5.880875699E-001,2.307030912E+000,9.743788242E-012
       756,5.836352786E-001,2.214977188E+000,1.053486465E-010
       757,5.792364601E-001,2.125956288E+000,9.162131609E-010
       758,5.752280663E-001,2.039664998E+000,6.257902641E-009
       759,5.717299885E-001,1.955342293E+000,4.818628696E-008
       760,5.686036130E-001,1.872514123E+000,1.177610557E-005
       761,5.652159254E-001,1.790571022E+000,9.761981666E-003
       762,6.567486923E-001,1.786687056E+000,1.941807941E-002
       763,7.389367907E-001,1.691782632E+000,8.711567521E-002
       764,7.497080361E-001,1.779343738E+000,3.033154458E-002
       765,7.240660571E-001,1.604907474E+000,1.277987510E-001
       766,7.044695678E-001,1.519917308E+000,1.243370548E-001
       767,6.804592095E-001,1.437487702E+000,1.003836840E-001
       768,6.534224204E-001,1.357523416E+000,7.269215584E-002
       769,6.250620927E-001,1.279171790E+000,4.444488138E-002
       770,5.963488369E-001,1.201239925E+000,1.998251490E-002
       771,5.668911169E-001,1.124100832E+000,4.840862472E-003
       772,5.348940952E-001,1.052713169E+000,1.152142868E-004
       773,4.993076819E-001,1.002383466E+000,8.379736300E-007
       774,5.257497694E-001,9.431393563E-001,2.635115379E-007
       775,5.447173003E-001,8.594994798E-001,6.700544475E-008
       776,5.579341436E-001,7.676077030E-001,7.912221101E-009
       777,5.678244576E-001,6.729343771E-001,4.297693867E-010
       778,5.756682011E-001,5.770016568E-001,1.845849688E-011
       779,3.400467202E+000,5.999479345E-001,8.774785092E-004
       780,3.400534518E+000,7.009095026E-001,2.587062074E-003
       781,3.400805774E+000,8.022327977E-001,6.202457473E-003
       782,3.401472432E+000,9.037390099E-001,1.249834802E-002
       783,3.402781742E+000,1.005138189E+000,2.181563899E-002
       784,3.404883966E+000,1.106022521E+000,3.383664787E-002
       785,3.407615537E+000,1.205998455E+000,4.769618437E-002
       786,3.410379473E+000,1.304865197E+000,6.252011657E-002
       787,3.412382381E+000,1.402763596E+000,7.798124850E-002
       788,3.413053131E+000,1.500161160E+000,9.423862398E-002
       789,3.412306418E+000,1.597663302E+000,9.593654424E-002
       790,3.410505089E+000,1.695778908E+000,8.172834665E-002
       791,3.408203765E+000,1.794778996E+000,6.681679189E-002
       792,3.405893121E+000,1.894688725E+000,5.204260349E-002
       793,3.403939189E+000,1.995322746E+000,3.766639158E-002
       794,3.402506340E+000,2.096415608E+000,2.469605766E-002
       795,3.401584832E+000,2.197657048E+000,1.430135220E-002
       796,3.401055747E+000,2.298792615E+000,7.107749581E-003
       797,3.400772500E+000,2.399661857E+000,2.931959694E-003
       798,3.300801822E+000,2.399702738E+000,3.396171378E-003
       799,3.200831211E+000,2.399756582E+000,3.751887707E-003
       800,3.100836498E+000,2.399813502E+000,3.935220651E-003
       801,3.000799137E+000,2.399860893E+000,3.898472060E-003
       802,2.900709629E+000,2.399910157E+000,3.627933329E-003
       803,2.800577208E+000,2.399955136E+000,3.155926941E-003
       804,2.700410221E+000,2.399998818E+000,2.559845103E-003
       805,2.600211704E+000,2.400048691E+000,1.946221921E-003
       806,2.499977746E+000,2.400122402E+000,1.405132934E-003
       807,2.399700914E+000,2.400239340E+000,9.698370122E-004
       808,2.299370970E+000,2.400407058E+000,6.376259844E-004
       809,2.198971136E+000,2.400618214E+000,3.978237219E-004
       810,2.098478809E+000,2.400863814E+000,2.344619279E-004
       811,1.997879222E+000,2.401156978E+000,1.297670970E-004
       812,1.897190470E+000,2.401556249E+000,6.693945761E-005
       813,1.796487728E+000,2.402173232E+000,3.190125790E-005
       814,1.695901406E+000,2.403137525E+000,1.391309524E-005
       815,1.595585490E+000,2.404495090E+000,5.503338798E-006
       816,1.495617162E+000,2.406085849E+000,1.960507689E-006
       817,1.395854907E+000,2.407535420E+000,6.265159982E-007
       818,1.296065554E+000,2.408532103E+000,1.790878486E-007
       819,1.196013066E+000,2.408770507E+000,4.557722377E-008
       820,1.095611004E+000,2.408258493E+000,1.027140595E-008
       821,9.949599807E-001,2.407231130E+000,2.026735890E-009
       822,8.941264795E-001,2.406054355E+000,3.453314579E-010
       823,7.932383729E-001,2.404916431E+000,5.035960191E-011
       824,6.924434958E-001,2.403807585E+000,6.351230306E-012
       825,6.756757024E-001,5.812065495E-001,6.668633007E-011
       826,7.768701914E-001,5.846208889E-001,1.775743164E-010
       827,8.789082934E-001,5.872736859E-001,4.980192370E-010
       828,9.814973399E-001,5.895179397E-001,1.442495123E-009
       829,1.084353562E+000,5.915944441E-001,4.216836214E-009
       830,1.187236285E+000,5.935180537E-001,1.270006056E-008
       831,1.289908631E+000,5.951631206E-001,3.961830686E-008
       832,1.392217357E+000,5.964619440E-001,1.235522546E-007
       833,1.494110771E+000,5.974403025E-001,3.677086227E-007
       834,1.595608570E+000,5.981617022E-001,1.014502914E-006
       835,1.696765196E+000,5.986908766E-001,2.568963282E-006
       836,1.797645264E+000,5.990802095E-001,5.975803560E-006
       837,1.898310789E+000,5.993674126E-001,1.283918391E-005
       838,1.998816375E+000,5.995781110E-001,2.564953866E-005
       839,2.099208779E+000,5.997293419E-001,4.794405686E-005
       840,2.199527769E+000,5.998321470E-001,8.432043978E-005
       841,2.299806268E+000,5.998923346E-001,1.401796180E-004
       842,2.400067922E+000,5.999089163E-001,2.213284024E-004
       843,2.500322345E+000,5.998728220E-001,3.339996911E-004
       844,2.600559897E+000,5.997717698E-001,4.819366732E-004
       845,2.700754063E+000,5.996291034E-001,6.559763569E-004
       846,2.800872681E+000,5.995154709E-001,8.329732809E-004
       847,2.900897726E+000,5.994689199E-001,9.849749040E-004
       848,3.000846470E+000,5.995356062E-001,1.086772187E-003
       849,3.100752881E+000,5.996825017E-001,1.123059657E-003
       850,3.200653766E+000,5.998549175E-001,1.091690967E-003
       851,3.300561076E+000,5.999798403E-001,1.003526966E-003
       852,6.626087982E-001,1.870607421E+000,8.278443129E-004
       853,7.573250056E-001,1.865946140E+000,3.731465898E-003
       854,8.431920659E-001,1.768592592E+000,4.119815305E-002
       855,8.527694534E-001,1.858690981E+000,8.581015281E-003
       856,8.303537571E-001,1.678406001E+000,9.440191835E-002
       857,8.133360819E-001,1.589038395E+000,1.264610887E-001
       858,7.919269313E-001,1.502011777E+000,1.193393618E-001
       859,7.670307856E-001,1.417376918E+000,9.420394152E-002
       860,7.402707660E-001,1.335412233E+000,6.598334014E-002
       861,7.133331719E-001,1.254730328E+000,3.836894780E-002
       862,6.867401335E-001,1.173066833E+000,1.610343531E-002
       863,6.588886365E-001,1.086924055E+000,3.714967985E-003
       864,6.214421636E-001,9.865507840E-001,6.143712380E-005
       865,6.444440195E-001,8.746585305E-001,1.785391106E-007
       866,6.577197144E-001,7.752320174E-001,1.864425592E-008
       867,6.676033327E-001,6.780958368E-001,1.160345153E-009
       868,6.881441742E-001,2.308954454E+000,8.429604931E-011
       869,6.830811214E-001,2.217138442E+000,8.879267321E-010
       870,6.778304623E-001,2.128126324E+000,7.411857794E-009
       871,6.727057237E-001,2.041069000E+000,4.906386408E-008
       872,6.677142549E-001,1.955156291E+000,1.054139261E-006
       873,3.300659608E+000,7.010183498E-001,2.999374876E-003
       874,3.300978412E+000,8.024634263E-001,7.225732319E-003
       875,3.301747813E+000,9.041335527E-001,1.450218260E-002
       876,3.303218717E+000,1.005668358E+000,2.501502261E-002
       877,3.305541729E+000,1.106629174E+000,3.811981529E-002
       878,3.308504117E+000,1.206575702E+000,5.266247317E-002
       879,3.311473415E+000,1.305294059E+000,6.780500710E-002
       880,3.313621545E+000,1.402950670E+000,8.354540914E-002
       881,3.314352230E+000,1.500075352E+000,9.953601658E-002
       882,3.313573349E+000,1.597336973E+000,1.010876447E-001
       883,3.311636315E+000,1.695297845E+000,8.707559854E-002
       884,3.309087284E+000,1.794255293E+000,7.214295119E-002
       885,3.306524837E+000,1.894214002E+000,5.735782161E-002
       886,3.304365110E+000,1.994977041E+000,4.244020581E-002
       887,3.302789626E+000,2.096205244E+000,2.833628282E-002
       888,3.301769029E+000,2.197550477E+000,1.659843326E-002
       889,3.301167835E+000,2.298737142E+000,8.277350105E-003
       890,3.201178432E+000,2.298764407E+000,9.238813072E-003
       891,3.101148166E+000,2.298857213E+000,9.853857569E-003
       892,3.001051741E+000,2.299018947E+000,1.000605337E-002
       893,2.900892853E+000,2.299219898E+000,9.630952962E-003
       894,2.800675270E+000,2.299446622E+000,8.748182096E-003
       895,2.700411426E+000,2.299671983E+000,7.475772873E-003
       896,2.600101600E+000,2.299898834E+000,6.021365523E-003
       897,2.499744635E+000,2.300146887E+000,4.609465133E-003
       898,2.399341688E+000,2.300440442E+000,3.371793078E-003
       899,2.298892044E+000,2.300787791E+000,2.351927571E-003
       900,2.198385417E+000,2.301177271E+000,1.560314442E-003
       901,2.097803433E+000,2.301596652E+000,9.814812802E-004
       902,1.997135605E+000,2.302061106E+000,5.830316804E-004
       903,1.896399749E+000,2.302633728E+000,3.253555915E-004
       904,1.795643253E+000,2.303421741E+000,1.694244274E-004
       905,1.694928728E+000,2.304510471E+000,8.167631313E-005
       906,1.594303166E+000,2.305896988E+000,3.612405635E-005
       907,1.493711123E+000,2.307402114E+000,1.451675689E-005
       908,1.393040730E+000,2.308852656E+000,5.243153282E-006
       909,1.292204937E+000,2.310050009E+000,1.681175263E-006
       910,1.191248142E+000,2.310775452E+000,4.730541150E-007
       911,1.090318126E+000,2.311075222E+000,1.157384233E-007
       912,9.894757006E-001,2.311092542E+000,2.432004642E-008
       913,8.887742720E-001,2.310943868E+000,4.331169645E-009
       914,7.882481099E-001,2.310507545E+000,6.490369908E-010
       915,7.694020267E-001,6.818114947E-001,2.312048775E-009
       916,8.722025622E-001,6.841884914E-001,5.409062531E-009
       917,9.754625443E-001,6.861997090E-001,1.355839441E-008
       918,1.079006596E+000,6.884111419E-001,3.607394206E-008
       919,1.182666272E+000,6.907924976E-001,1.058699581E-007
       920,1.286140153E+000,6.929960559E-001,3.281152487E-007
       921,1.389203210E+000,6.948253847E-001,1.015055091E-006
       922,1.491754849E+000,6.962362168E-001,2.951863280E-006
       923,1.593796666E+000,6.972839184E-001,7.812729564E-006
       924,1.695387215E+000,6.980512329E-001,1.872008033E-005
       925,1.796606646E+000,6.986135110E-001,4.086109038E-005
       926,1.897536545E+000,6.990284067E-001,8.200998855E-005
       927,1.998251006E+000,6.993359511E-001,1.527345739E-004
       928,2.098813407E+000,6.995614575E-001,2.660277532E-004
       929,2.199274833E+000,6.997189583E-001,4.360641469E-004
       930,2.299671717E+000,6.998137119E-001,6.761869881E-004
       931,2.400022337E+000,6.998452437E-001,9.971513646E-004
       932,2.500325671E+000,6.998168916E-001,1.408765791E-003
       933,2.600571094E+000,6.997866460E-001,1.909140847E-003
       934,2.700751679E+000,6.998570453E-001,2.450552536E-003
       935,2.800860697E+000,7.000215533E-001,2.948039444E-003
       936,2.900912658E+000,7.002793797E-001,3.321580589E-003
       937,3.000909224E+000,7.005662431E-001,3.516319906E-003
       938,3.100864539E+000,7.008379500E-001,3.512550378E-003
       939,3.200786186E+000,7.010293287E-001,3.326021601E-003
       940,7.826100235E-001,2.218356400E+000,6.475757264E-009
       941,7.764948166E-001,2.128500052E+000,5.120294944E-008
       942,7.702663821E-001,2.040112436E+000,6.680571119E-007
       943,7.639044373E-001,1.952479955E+000,1.003060606E-004
       944,8.606073947E-001,1.947560608E+000,6.002801820E-004
       945,9.493398842E-001,1.849186258E+000,1.425588783E-002
       946,9.583801970E-001,1.941011676E+000,1.668850193E-003
       947,9.382276554E-001,1.756722619E+000,5.085405335E-002
       948,9.236436965E-001,1.664280644E+000,9.970385581E-002
       949,9.047517022E-001,1.573291461E+000,1.246915236E-001
       950,8.819375334E-001,1.484520240E+000,1.145706326E-001
       951,8.564668877E-001,1.398750547E+000,8.863119036E-002
       952,8.298905744E-001,1.315717558E+000,6.030372903E-002
       953,8.044366457E-001,1.234346923E+000,3.381623328E-002
       954,7.824780058E-001,1.152037078E+000,1.363170054E-002
       955,7.640532225E-001,1.065842194E+000,2.993807197E-003
       956,7.512281937E-001,9.728127613E-001,7.377072325E-005
       957,7.545212296E-001,8.750957828E-001,2.680121156E-007
       958,7.617290688E-001,7.781498906E-001,2.792189768E-008
       959,3.201131743E+000,8.025464370E-001,8.088376373E-003
       960,3.201952480E+000,9.043326203E-001,1.622506231E-002
       961,3.203552882E+000,1.006030045E+000,2.772185579E-002
       962,3.206073979E+000,1.107099206E+000,4.156053811E-002
       963,3.209311027E+000,1.207046485E+000,5.634792149E-002
       964,3.212555993E+000,1.305627125E+000,7.147706300E-002
       965,3.214899682E+000,1.403046295E+000,8.743938059E-002
       966,3.215672114E+000,1.499914873E+000,1.032121554E-001
       967,3.214796927E+000,1.596987992E+000,1.045071185E-001
       968,3.212588843E+000,1.694869620E+000,9.047801793E-002
       969,3.209742136E+000,1.793854262E+000,7.555083930E-002
       970,3.206933207E+000,1.893932795E+000,6.114701182E-002
       971,3.204618225E+000,1.994829092E+000,4.619629681E-002
       972,3.202949772E+000,2.096152316E+000,3.136190772E-002
       973,3.201873111E+000,2.197523329E+000,1.853559725E-002
       974,3.101788552E+000,2.197590973E+000,1.988801174E-002
       975,3.001601866E+000,2.197800384E+000,2.046745829E-002
       976,2.901305146E+000,2.198144049E+000,2.015167288E-002
       977,2.800925485E+000,2.198568381E+000,1.891730167E-002
       978,2.700473159E+000,2.199054440E+000,1.687488891E-002
       979,2.599958885E+000,2.199578396E+000,1.428181306E-002
       980,2.499398084E+000,2.200134437E+000,1.150858309E-002
       981,2.398814612E+000,2.200736535E+000,8.869859390E-003
       982,2.298220109E+000,2.201376556E+000,6.538710091E-003
       983,2.197603748E+000,2.202031440E+000,4.604835995E-003
       984,2.096938951E+000,2.202690762E+000,3.091836115E-003
       985,1.996201420E+000,2.203382839E+000,1.973184990E-003
       986,1.895372367E+000,2.204184192E+000,1.191485673E-003
       987,1.794393457E+000,2.205145911E+000,6.765431608E-004
       988,1.693274251E+000,2.206319194E+000,3.584429214E-004
       989,1.591963871E+000,2.207641682E+000,1.755297126E-004
       990,1.490389961E+000,2.209095609E+000,7.849559188E-005
       991,1.388507594E+000,2.210640627E+000,3.158902109E-005
       992,1.286508969E+000,2.212255818E+000,1.126985626E-005
       993,1.184711591E+000,2.213874011E+000,3.521837925E-006
       994,1.083430817E+000,2.215494517E+000,9.501029012E-007
       995,9.826610491E-001,2.217011049E+000,2.143401332E-007
       996,8.823378077E-001,2.218282819E+000,4.072931148E-008
       997,8.656799428E-001,7.794819429E-001,5.211802545E-008
       998,9.694190948E-001,7.808410745E-001,1.112496975E-007
       999,1.073264101E+000,7.831598801E-001,3.166745728E-007
      1000,1.177348276E+000,7.863163333E-001,1.141440748E-006
      1001,1.281460601E+000,7.895430135E-001,3.282052376E-006
      1002,1.385284939E+000,7.923267637E-001,8.115493983E-006
      1003,1.488607872E+000,7.944933913E-001,2.003601912E-005
      1004,1.591346359E+000,7.960796929E-001,4.828386955E-005
      1005,1.693519975E+000,7.972101970E-001,1.072756932E-004
      1006,1.795204355E+000,7.980134083E-001,2.171809465E-004
      1007,1.896495700E+000,7.985918663E-001,4.039434425E-004
      1008,1.997490412E+000,7.990171366E-001,6.974090356E-004
      1009,2.098273377E+000,7.993322687E-001,1.127731055E-003
      1010,2.198909360E+000,7.995568294E-001,1.720015891E-003
      1011,2.299436363E+000,7.996967959E-001,2.488972852E-003
      1012,2.399869161E+000,7.997701252E-001,3.438373562E-003
      1013,2.500212543E+000,7.998702881E-001,4.565972369E-003
      1014,2.600493987E+000,8.001541505E-001,5.817028228E-003
      1015,2.700719517E+000,8.006109715E-001,7.037583739E-003
      1016,2.800927250E+000,8.011727639E-001,8.039889857E-003
      1017,2.901098699E+000,8.017148137E-001,8.683484979E-003
      1018,3.001212920E+000,8.021687573E-001,8.897276595E-003
      1019,3.101242390E+000,8.024742001E-001,8.678844199E-003
      1020,8.754376963E-001,2.127023971E+000,4.135600591E-007
      1021,8.681740183E-001,2.036791321E+000,1.595654066E-005
      1022,9.670010584E-001,2.032246139E+000,7.995010674E-005
      1023,1.058037452E+000,1.933709872E+000,3.149458440E-003
      1024,1.067036556E+000,2.027277695E+000,2.115457319E-004
      1025,1.048047322E+000,1.839532219E+000,1.994153857E-002
      1026,1.035618628E+000,1.744846537E+000,5.896324292E-002
      1027,1.019304182E+000,1.650342926E+000,1.034746617E-001
      1028,9.984508457E-001,1.557472975E+000,1.225498319E-001
      1029,9.739632751E-001,1.467836039E+000,1.098589152E-001
      1030,9.478480145E-001,1.381066337E+000,8.328787982E-002
      1031,9.204702477E-001,1.297262664E+000,5.490190908E-002
      1032,8.946606375E-001,1.217259169E+000,3.009596281E-002
      1033,8.772077732E-001,1.137163347E+000,1.202505827E-002
      1034,8.656694089E-001,1.053669896E+000,2.532392740E-003
      1035,8.599641374E-001,9.654446354E-001,6.865461910E-005
      1036,8.611446186E-001,8.732854998E-001,4.152934991E-007
      1037,3.102068515E+000,9.043448306E-001,1.748836413E-002
      1038,3.103721057E+000,1.006163985E+000,2.970190905E-002
      1039,3.106435496E+000,1.107351781E+000,4.391333833E-002
      1040,3.109960003E+000,1.207325275E+000,5.857674778E-002
      1041,3.113495017E+000,1.305791687E+000,7.353678346E-002
      1042,3.115939996E+000,1.403013602E+000,8.985869586E-002
      1043,3.116697679E+000,1.499699185E+000,1.056073681E-001
      1044,3.115604626E+000,1.596670636E+000,1.065538675E-001
      1045,3.113095652E+000,1.694552605E+000,9.214434028E-002
      1046,3.109979662E+000,1.793650074E+000,7.701874524E-002
      1047,3.107012474E+000,1.893872268E+000,6.320418417E-002
      1048,3.104626529E+000,1.994878746E+000,4.864772409E-002
      1049,3.102942889E+000,2.096225538E+000,3.348972276E-002
      1050,3.002654502E+000,2.096388231E+000,3.450360522E-002
      1051,2.902187763E+000,2.096765795E+000,3.427670524E-002
      1052,2.801560558E+000,2.097369199E+000,3.277520090E-002
      1053,2.700794000E+000,2.098166038E+000,3.008138947E-002
      1054,2.599923668E+000,2.099088910E+000,2.641913295E-002
      1055,2.499025885E+000,2.100105233E+000,2.217976563E-002
      1056,2.398168531E+000,2.101168233E+000,1.784736291E-002
      1057,2.297378207E+000,2.102226890E+000,1.379855536E-002
      1058,2.196628909E+000,2.103236616E+000,1.024878398E-002
      1059,2.095860379E+000,2.104197540E+000,7.304285187E-003
      1060,1.994998398E+000,2.105171503E+000,4.982403014E-003
      1061,1.893869286E+000,2.106183928E+000,3.238870064E-003
      1062,1.792422072E+000,2.107280583E+000,1.995032188E-003
      1063,1.690595688E+000,2.108393086E+000,1.156356768E-003
      1064,1.588350793E+000,2.109647903E+000,6.252888124E-004
      1065,1.485593793E+000,2.111075389E+000,3.128439712E-004
      1066,1.382493254E+000,2.112880388E+000,1.458873448E-004
      1067,1.279482289E+000,2.115216295E+000,6.480432057E-005
      1068,1.177036693E+000,2.118005104E+000,2.695322837E-005
      1069,1.075630484E+000,2.121172561E+000,9.742861039E-006
      1070,9.751401688E-001,2.124337463E+000,2.603571602E-006
      1071,9.647845788E-001,8.730428567E-001,7.195012586E-007
      1072,1.067900205E+000,8.752250218E-001,8.217654795E-006
      1073,1.171495140E+000,8.796516814E-001,3.320493488E-005
      1074,1.275806808E+000,8.845189075E-001,7.261914288E-005
      1075,1.380303010E+000,8.888095123E-001,1.165570648E-004
      1076,1.484487356E+000,8.921390379E-001,1.719769934E-004
      1077,1.588082847E+000,8.945290827E-001,2.799730864E-004
      1078,1.691015463E+000,8.961672917E-001,5.028508021E-004
      1079,1.793319819E+000,8.972846317E-001,8.972629439E-004
      1080,1.895094039E+000,8.980621494E-001,1.514334697E-003
      1081,1.996456218E+000,8.986236779E-001,2.401344711E-003
      1082,2.097515970E+000,8.990407887E-001,3.593237605E-003
      1083,2.198354924E+000,8.993456496E-001,5.103821866E-003
      1084,2.299028351E+000,8.995740262E-001,6.922084372E-003
      1085,2.399574736E+000,8.998379182E-001,9.017010219E-003
      1086,2.500063879E+000,9.003169920E-001,1.132368483E-002
      1087,2.600512436E+000,9.010695690E-001,1.364813093E-002
      1088,2.700976455E+000,9.019776308E-001,1.569616422E-002
      1089,2.801437092E+000,9.028667930E-001,1.721714437E-002
      1090,2.901835701E+000,9.035969073E-001,1.805319637E-002
      1091,3.002087737E+000,9.041018570E-001,1.813508943E-002
      1092,1.168747171E+000,2.022560427E+000,3.999407345E-004
      1093,1.159696588E+000,1.926919536E+000,4.796986468E-003
      1094,1.149183788E+000,1.830562541E+000,2.515687793E-002
      1095,1.135792912E+000,1.733373638E+000,6.564485282E-002
      1096,1.117848254E+000,1.635992446E+000,1.060342044E-001
      1097,1.094334301E+000,1.540764553E+000,1.198686585E-001
      1098,1.066521548E+000,1.450894912E+000,1.049308106E-001
      1099,1.041024555E+000,1.362950491E+000,7.801272720E-002
      1100,1.011734443E+000,1.276374633E+000,4.856729507E-002
      1101,9.782447509E-001,1.201322286E+000,2.646517754E-002
      1102,9.675925833E-001,1.127178369E+000,1.147159655E-002
      1103,9.632576376E-001,1.047489271E+000,2.359183971E-003
      1104,9.627497119E-001,9.622821522E-001,6.756908260E-005
      1105,3.003735549E+000,1.005989385E+000,3.076959401E-002
      1106,3.006532131E+000,1.107279813E+000,4.502448440E-002
      1107,3.010215874E+000,1.207277555E+000,5.931651965E-002
      1108,3.013797573E+000,1.305680115E+000,7.414954901E-002
      1109,3.016228642E+000,1.402830208E+000,9.110663086E-002
      1110,3.016904400E+000,1.499484756E+000,1.070753112E-001
      1111,3.015580688E+000,1.596481370E+000,1.075979099E-001
      1112,3.012853043E+000,1.694490533E+000,9.237011522E-002
      1113,3.009635807E+000,1.793745357E+000,7.666999102E-002
      1114,3.006676862E+000,1.894085876E+000,6.347429752E-002
      1115,3.004358767E+000,1.995110808E+000,4.962565005E-002
      1116,1.063106020E+000,9.639594270E-001,2.892954217E-004
      1117,1.164710452E+000,9.706216544E-001,7.424175274E-004
      1118,1.268913781E+000,9.779441286E-001,1.199193648E-003
      1119,1.374110674E+000,9.843820346E-001,1.594802248E-003
      1120,1.479259892E+000,9.893187746E-001,1.893769717E-003
      1121,1.583874669E+000,9.927467051E-001,2.167003462E-003
      1122,1.687730501E+000,9.950289665E-001,2.614866942E-003
      1123,1.790802504E+000,9.965355231E-001,3.436505562E-003
      1124,1.893179595E+000,9.975487876E-001,4.722047597E-003
      1125,1.994997319E+000,9.982615561E-001,6.501120515E-003
      1126,2.096393261E+000,9.987881775E-001,8.775913157E-003
      1127,2.197490247E+000,9.992098856E-001,1.151783857E-002
      1128,2.298404550E+000,9.996474290E-001,1.466767583E-002
      1129,2.399257382E+000,1.000268484E+000,1.813240163E-002
      1130,2.500112427E+000,1.001198710E+000,2.170824260E-002
      1131,2.601020528E+000,1.002363072E+000,2.505037189E-002
      1132,2.701970927E+000,1.003572769E+000,2.782310545E-002
      1133,2.802860067E+000,1.004630459E+000,2.979841642E-002
      1134,2.903547236E+000,1.005426637E+000,3.081032075E-002
      1135,2.903741643E+000,1.995430024E+000,4.907900095E-002
      1136,2.802816210E+000,1.996140217E+000,4.705508426E-002
      1137,2.701600786E+000,1.997222703E+000,4.367697984E-002
      1138,2.600208622E+000,1.998609184E+000,3.915105388E-002
      1139,2.498808651E+000,2.000177223E+000,3.379161656E-002
      1140,2.397542211E+000,2.001809527E+000,2.808694169E-002
      1141,2.296464738E+000,2.003359435E+000,2.255011350E-002
      1142,2.195511097E+000,2.004764981E+000,1.751084812E-002
      1143,2.094554987E+000,2.006057587E+000,1.314293314E-002
      1144,1.993354156E+000,2.007290241E+000,9.516300634E-003
      1145,1.891723744E+000,2.008475037E+000,6.630194373E-003
      1146,1.789559576E+000,2.009473808E+000,4.440268502E-003
      1147,1.686858128E+000,2.010438258E+000,2.870500088E-003
      1148,1.583533329E+000,2.011500761E+000,1.826522057E-003
      1149,1.479612139E+000,2.012928539E+000,1.210935414E-003
      1150,1.375448819E+000,2.015164757E+000,8.719404577E-004
      1151,1.271681393E+000,2.018461117E+000,6.258261274E-004
      1152,1.263019384E+000,1.921140332E+000,6.311913952E-003
      1153,1.252625489E+000,1.822666080E+000,2.939374745E-002
      1154,1.239185901E+000,1.722413496E+000,7.060144097E-002
      1155,1.220472398E+000,1.620303315E+000,1.069442257E-001
      1156,1.193032486E+000,1.519260871E+000,1.163876876E-001
      1157,1.155168472E+000,1.432853312E+000,1.004973575E-001
      1158,1.137097030E+000,1.345548874E+000,7.623247802E-002
      1159,1.112156287E+000,1.241429923E+000,3.999792784E-002
      1160,1.043083309E+000,1.184161665E+000,2.528090961E-002
      1161,1.051999344E+000,1.124221898E+000,1.459480263E-002
      1162,1.058317947E+000,1.048076955E+000,3.838042030E-003
      1163,2.906220665E+000,1.106734665E+000,4.483998939E-002
      1164,2.909743199E+000,1.206751748E+000,5.865389109E-002
      1165,2.913106769E+000,1.305229757E+000,7.357525080E-002
      1166,2.915472520E+000,1.402523606E+000,9.149200469E-002
      1167,2.915909842E+000,1.499359987E+000,1.079180092E-001
      1168,2.914406499E+000,1.596609086E+000,1.079666838E-001
      1169,2.911678259E+000,1.694866694E+000,9.145670384E-002
      1170,2.908627524E+000,1.794277339E+000,7.470886409E-002
      1171,2.905919968E+000,1.894624153E+000,6.202954799E-002
      1172,1.155876429E+000,1.059448638E+000,6.167803891E-003
      1173,1.260411827E+000,1.070255890E+000,7.840587758E-003
      1174,1.366575131E+000,1.079486802E+000,9.434477426E-003
      1175,1.472905437E+000,1.086397598E+000,1.053462364E-002
      1176,1.578688412E+000,1.091105931E+000,1.117991470E-002
      1177,1.683594793E+000,1.094168501E+000,1.166337449E-002
      1178,1.787546441E+000,1.096132870E+000,1.236742269E-002
      1179,1.890620557E+000,1.097406978E+000,1.360120252E-002
      1180,1.992972826E+000,1.098269591E+000,1.549262088E-002
      1181,2.094785804E+000,1.098904004E+000,1.805935241E-002
      1182,2.196282976E+000,1.099470014E+000,2.127089351E-002
      1183,2.297652844E+000,1.100132847E+000,2.504943870E-002
      1184,2.399072349E+000,1.101025300E+000,2.924522944E-002
      1185,2.500618053E+000,1.102183675E+000,3.353571892E-002
      1186,2.602295272E+000,1.103465339E+000,3.751839325E-002
      1187,2.703938743E+000,1.104682102E+000,4.088976607E-002
      1188,2.805389522E+000,1.105702276E+000,4.340783879E-002
      1189,2.804716766E+000,1.895341444E+000,5.903902650E-002
      1190,2.703007386E+000,1.896641765E+000,5.472663417E-002
      1191,2.600980778E+000,1.898420838E+000,4.933975637E-002
      1192,2.498918627E+000,1.900515818E+000,4.317490011E-002
      1193,2.397106045E+000,1.902630990E+000,3.664595634E-002
      1194,2.295604601E+000,1.904580196E+000,3.026141785E-002
      1195,2.194309927E+000,1.906319050E+000,2.447747625E-002
      1196,2.092965644E+000,1.907909216E+000,1.953464746E-002
      1197,1.991254087E+000,1.909338975E+000,1.547857281E-002
      1198,1.888944929E+000,1.910430537E+000,1.231070980E-002
      1199,1.785971901E+000,1.911185754E+000,1.002049912E-002
      1200,1.682286456E+000,1.911771601E+000,8.558496833E-003
      1201,1.577828917E+000,1.912508790E+000,7.822641172E-003
      1202,1.472740572E+000,1.913936135E+000,7.570535410E-003
      1203,1.367452301E+000,1.916683170E+000,7.257741410E-003
      1204,2.808442601E+000,1.205796476E+000,5.677079409E-002
      1205,2.811490951E+000,1.304528573E+000,7.213316113E-002
      1206,2.813404820E+000,1.402206277E+000,9.131600708E-002
      1207,2.813524117E+000,1.499529738E+000,1.083745211E-001
      1208,2.812002882E+000,1.597263659E+000,1.079181060E-001
      1209,2.809563672E+000,1.695854296E+000,8.966509998E-002
      1210,2.806977110E+000,1.795363295E+000,7.138305157E-002
      1211,1.141871121E+000,1.147543197E+000,1.934094913E-002
      1212,1.249864733E+000,1.162247274E+000,2.318014950E-002
      1213,1.357609010E+000,1.174805962E+000,2.743975073E-002
      1214,1.465448418E+000,1.184101977E+000,3.001566418E-002
      1215,1.572674767E+000,1.190269069E+000,3.135625273E-002
      1216,1.678791935E+000,1.194178206E+000,3.194192424E-002
      1217,1.783709195E+000,1.196611561E+000,3.219950572E-002
      1218,1.887538560E+000,1.198131930E+000,3.255774453E-002
      1219,1.990481259E+000,1.199098025E+000,3.336034343E-002
      1220,2.092831970E+000,1.199773303E+000,3.479040787E-002
      1221,2.194860564E+000,1.200357188E+000,3.691346943E-002
      1222,2.296873984E+000,1.201010970E+000,3.971875086E-002
      1223,2.399065143E+000,1.201841036E+000,4.309331626E-002
      1224,2.501508398E+000,1.202815626E+000,4.678915441E-002
      1225,2.604053418E+000,1.203797037E+000,5.049917847E-002
      1226,2.706485415E+000,1.204674323E+000,5.393726751E-002
      1227,2.704845640E+000,1.796730965E+000,6.697270274E-002
      1228,2.602162794E+000,1.798738009E+000,6.176288426E-002
      1229,2.499406734E+000,1.801053012E+000,5.606571957E-002
      1230,2.396948890E+000,1.803338749E+000,5.024919286E-002
      1231,2.294904437E+000,1.805457097E+000,4.471810162E-002
      1232,2.193108495E+000,1.807395632E+000,3.987526149E-002
      1233,2.091230133E+000,1.809125507E+000,3.603414819E-002
      1234,1.988907005E+000,1.810482848E+000,3.336410224E-002
      1235,1.885901715E+000,1.811305576E+000,3.181941807E-002
      1236,1.782094804E+000,1.811614169E+000,3.117345087E-002
      1237,1.677376452E+000,1.811694605E+000,3.118094616E-002
      1238,1.571709642E+000,1.812017765E+000,3.158224374E-002
      1239,1.465102123E+000,1.813310996E+000,3.198175877E-002
      1240,1.358083757E+000,1.816523238E+000,3.165506944E-002
      1241,2.708819572E+000,1.303793784E+000,7.018212974E-002
      1242,2.710111351E+000,1.402093709E+000,9.086801857E-002
      1243,2.709956874E+000,1.500151038E+000,1.086187661E-001
      1244,2.708614009E+000,1.598528889E+000,1.076304317E-001
      1245,2.706685026E+000,1.697516542E+000,8.722968400E-002
      1246,1.238290102E+000,1.254520006E+000,4.906772450E-002
      1247,1.346969252E+000,1.271309234E+000,5.529009551E-002
      1248,1.457049849E+000,1.283379548E+000,5.847335979E-002
      1249,1.566354489E+000,1.290929017E+000,6.025785208E-002
      1250,1.673945714E+000,1.295524944E+000,6.106914580E-002
      1251,1.779881510E+000,1.298305356E+000,6.128647551E-002
      1252,1.884455852E+000,1.299957170E+000,6.118093431E-002
      1253,1.988012967E+000,1.300909371E+000,6.106603146E-002
      1254,2.090897794E+000,1.301440544E+000,6.121318042E-002
      1255,2.193489896E+000,1.301785444E+000,6.177355349E-002
      1256,2.296131979E+000,1.302106011E+000,6.281486154E-002
      1257,2.399046655E+000,1.302490293E+000,6.429021060E-002
      1258,2.502236171E+000,1.302890932E+000,6.607817113E-002
      1259,2.605496195E+000,1.303230140E+000,6.807925552E-002
      1260,2.603517860E+000,1.699416297E+000,8.440518379E-002
      1261,2.500159709E+000,1.701548157E+000,8.141653985E-002
      1262,2.397106101E+000,1.703668787E+000,7.847168297E-002
      1263,2.294492435E+000,1.705681236E+000,7.577808946E-002
      1264,2.192146636E+000,1.707531081E+000,7.350128144E-002
      1265,2.089716922E+000,1.709088063E+000,7.183980197E-002
      1266,1.986829790E+000,1.710148158E+000,7.099003345E-002
      1267,1.883204599E+000,1.710555788E+000,7.096496224E-002
      1268,1.778622969E+000,1.710382263E+000,7.151879370E-002
      1269,1.672910492E+000,1.709883246E+000,7.229854912E-002
      1270,1.565727799E+000,1.709526364E+000,7.295910269E-002
      1271,1.456692953E+000,1.710140823E+000,7.315750420E-002
      1272,1.346375211E+000,1.713374799E+000,7.285207510E-002
      1273,2.606156723E+000,1.402256936E+000,9.037637711E-002
      1274,2.605813513E+000,1.501148069E+000,1.087651327E-001
      1275,2.604734391E+000,1.600240105E+000,1.072307676E-001
      1276,2.501016324E+000,1.601935702E+000,1.068138480E-001
      1277,2.397549009E+000,1.603609631E+000,1.064260826E-001
      1278,2.294500114E+000,1.605204269E+000,1.060926914E-001
      1279,2.191716671E+000,1.606642444E+000,1.058391035E-001
      1280,2.088865657E+000,1.607772979E+000,1.056815684E-001
      1281,1.985575623E+000,1.608395781E+000,1.056312472E-001
      1282,1.881507135E+000,1.608372009E+000,1.057399213E-001
      1283,1.776361629E+000,1.607689305E+000,1.060549393E-001
      1284,1.669695649E+000,1.606424601E+000,1.064910069E-001
      1285,1.560618446E+000,1.604759518E+000,1.068484485E-001
      1286,1.447805882E+000,1.603336844E+000,1.067465842E-001
      1287,1.330269062E+000,1.604401661E+000,1.066506729E-001
      1288,1.234587794E+000,1.343598114E+000,8.114387095E-002
      1289,1.333435119E+000,1.370476873E+000,8.616697043E-002
      1290,1.448171525E+000,1.385513348E+000,8.797738701E-002
      1291,1.560800052E+000,1.393597670E+000,8.961696923E-002
      1292,1.670104317E+000,1.398276739E+000,9.028337896E-002
      1293,1.776962230E+000,1.401036227E+000,9.049293399E-002
      1294,1.882145447E+000,1.402601844E+000,9.041576833E-002
      1295,1.986175774E+000,1.403362158E+000,9.015971422E-002
      1296,2.089472478E+000,1.403581971E+000,8.986488730E-002
      1297,2.192445728E+000,1.403481752E+000,8.965684474E-002
      1298,2.295459531E+000,1.403239064E+000,8.961109072E-002
      1299,2.398745354E+000,1.402939187E+000,8.972861618E-002
      1300,2.502263077E+000,1.402581701E+000,8.998289704E-002
      1301,2.501766722E+000,1.502251809E+000,1.089068279E-001
      1302,1.303087242E+000,1.479705071E+000,1.093820632E-001
      1303,1.225927713E+000,1.413756663E+000,9.926114976E-002
      1304,2.398167085E+000,1.503297178E+000,1.091047153E-001
      1305,2.294933192E+000,1.504270925E+000,1.093570441E-001
      1306,2.191930103E+000,1.505114891E+000,1.096386835E-001
      1307,2.088877079E+000,1.505702243E+000,1.099191755E-001
      1308,1.985419358E+000,1.505853100E+000,1.101548150E-001
      1309,1.881189524E+000,1.505399610E+000,1.103065833E-001
      1310,1.775775473E+000,1.504183313E+000,1.104148924E-001
      1311,1.668494788E+000,1.501984166E+000,1.105086729E-001
      1312,1.557877941E+000,1.498330275E+000,1.105177775E-001
      1313,1.440656343E+000,1.492484595E+000,1.102836430E-001
