nodenumber,    x-coordinate,    y-coordinate,            c2h6
         1,5.000000000E-003,1.495000000E+000,5.000000000E-001
         2,7.068731585E-002,1.508940903E+000,2.910993993E-001
         3,4.403980658E-002,1.551726335E+000,2.072566748E-001
         4,5.000000000E-003,1.505000000E+000,5.000000000E-001
         5,0.000000000E+000,1.401562500E+000,0.000000000E+000
         6,4.885011125E-002,1.420179041E+000,3.363471478E-002
         7,0.000000000E+000,1.308125000E+000,0.000000000E+000
         8,7.311745740E-002,1.332834160E+000,1.226534322E-002
         9,0.000000000E+000,1.214687500E+000,0.000000000E+000
        10,9.163935468E-002,1.233594264E+000,2.286630217E-003
        11,0.000000000E+000,1.121250000E+000,0.000000000E+000
        12,9.293068681E-002,1.130193112E+000,1.919477363E-004
        13,0.000000000E+000,1.027812500E+000,0.000000000E+000
        14,9.200790270E-002,1.032520923E+000,1.511488392E-007
        15,0.000000000E+000,9.343750000E-001,0.000000000E+000
        16,9.154873500E-002,9.374881323E-001,7.696347448E-010
        17,0.000000000E+000,8.409375000E-001,0.000000000E+000
        18,9.167399806E-002,8.433870407E-001,1.222257625E-011
        19,0.000000000E+000,7.475000000E-001,0.000000000E+000
        20,9.202744179E-002,7.495515556E-001,1.843724961E-013
        21,0.000000000E+000,6.540625000E-001,0.000000000E+000
        22,9.247372448E-002,6.558636677E-001,2.866814774E-015
        23,0.000000000E+000,5.606250000E-001,0.000000000E+000
        24,9.318908419E-002,5.623162447E-001,4.814091573E-017
        25,0.000000000E+000,4.671875000E-001,0.000000000E+000
        26,9.418217718E-002,4.688433463E-001,8.267971626E-019
        27,0.000000000E+000,3.737500000E-001,0.000000000E+000
        28,9.541534025E-002,3.753235534E-001,1.395330424E-020
        29,0.000000000E+000,2.803125000E-001,0.000000000E+000
        30,9.671003948E-002,2.816812100E-001,2.170010443E-022
        31,0.000000000E+000,1.868750000E-001,0.000000000E+000
        32,9.794447158E-002,1.878815348E-001,2.855524424E-024
        33,0.000000000E+000,9.343750000E-002,0.000000000E+000
        34,9.903156835E-002,9.396601986E-002,2.913289207E-026
        35,1.000000000E-001,0.000000000E+000,3.793130581E-028
        36,1.296169358E-001,1.544792676E+000,1.930983067E-001
        37,8.791972767E-002,1.609006182E+000,1.316414326E-001
        38,0.000000000E+000,1.604666667E+000,0.000000000E+000
        39,0.000000000E+000,1.704333333E+000,0.000000000E+000
        40,1.080148662E-001,1.444755429E+000,1.137280986E-001
        41,1.467218116E-001,1.365526554E+000,5.063033104E-002
        42,2.004344076E-001,1.258945830E+000,1.728517748E-002
        43,1.903731293E-001,1.134177214E+000,3.824505839E-004
        44,1.850594977E-001,1.033369404E+000,3.772650530E-007
        45,1.831936565E-001,9.384875433E-001,9.884892904E-010
        46,1.832964667E-001,8.449589326E-001,1.275636714E-011
        47,1.842018722E-001,7.514773118E-001,1.938019921E-013
        48,1.855417882E-001,6.579176590E-001,3.339144697E-015
        49,1.872827760E-001,5.643401717E-001,7.827934391E-017
        50,1.894343189E-001,4.707069784E-001,1.748772932E-018
        51,1.918078477E-001,3.769321486E-001,3.439233133E-020
        52,1.941776018E-001,2.829466657E-001,5.677423100E-022
        53,1.963314809E-001,1.887738361E-001,7.840877445E-024
        54,1.982661708E-001,9.442722923E-002,9.618038059E-026
        55,2.000000000E-001,0.000000000E+000,1.797432284E-027
        56,0.000000000E+000,2.900333333E+000,0.000000000E+000
        57,9.968951002E-002,2.900279686E+000,7.100970355E-032
        58,1.000000000E-001,3.000000000E+000,0.000000000E+000
        59,0.000000000E+000,2.800666667E+000,0.000000000E+000
        60,9.938784282E-002,2.800496682E+000,8.143669885E-030
        61,0.000000000E+000,2.701000000E+000,0.000000000E+000
        62,9.904535511E-002,2.700651168E+000,3.877377257E-028
        63,0.000000000E+000,2.601333333E+000,0.000000000E+000
        64,9.863369449E-002,2.600771921E+000,9.715627857E-027
        65,0.000000000E+000,2.501666667E+000,0.000000000E+000
        66,9.813047639E-002,2.500887636E+000,1.620256697E-025
        67,0.000000000E+000,2.402000000E+000,0.000000000E+000
        68,9.753055251E-002,2.401241585E+000,1.897393887E-024
        69,0.000000000E+000,2.302333333E+000,0.000000000E+000
        70,9.675921123E-002,2.301982994E+000,1.721793055E-024
        71,0.000000000E+000,2.202666667E+000,0.000000000E+000
        72,9.581920229E-002,2.203473636E+000,0.000000000E+000
        73,0.000000000E+000,2.103000000E+000,0.000000000E+000
        74,9.492835950E-002,2.105973350E+000,0.000000000E+000
        75,0.000000000E+000,2.003333333E+000,0.000000000E+000
        76,9.516299480E-002,2.010171472E+000,0.000000000E+000
        77,0.000000000E+000,1.903666667E+000,0.000000000E+000
        78,9.773096928E-002,1.916072999E+000,2.588165238E-010
        79,0.000000000E+000,1.804000000E+000,0.000000000E+000
        80,1.046013373E-001,1.823884243E+000,2.647015385E-010
        81,1.210841388E-001,1.734513284E+000,7.302011363E-005
        82,1.585703802E-001,1.651170293E+000,9.339235723E-002
        83,1.932784265E-001,1.581416991E+000,1.624975353E-001
        84,1.689688396E-001,1.480310834E+000,1.451604664E-001
        85,2.278424348E-001,1.518248758E+000,1.515414566E-001
        86,3.000000000E-001,0.000000000E+000,7.012882544E-027
        87,2.977260861E-001,9.484802243E-002,3.568984475E-025
        88,4.000000000E-001,0.000000000E+000,2.561454162E-026
        89,3.975684519E-001,9.514614137E-002,1.204082083E-024
        90,5.000000000E-001,0.000000000E+000,2.008070240E-026
        91,4.976510431E-001,9.537715493E-002,9.228195449E-025
        92,6.000000000E-001,0.000000000E+000,0.000000000E+000
        93,5.978152136E-001,9.558791154E-002,9.165807674E-023
        94,7.000000000E-001,0.000000000E+000,4.032102221E-023
        95,6.979197474E-001,9.590817765E-002,5.103113882E-021
        96,8.000000000E-001,0.000000000E+000,1.009004746E-021
        97,7.979717994E-001,9.642282942E-002,5.542227719E-020
        98,9.000000000E-001,0.000000000E+000,1.011767420E-020
        99,8.980519089E-001,9.710150517E-002,3.541937235E-019
       100,1.000000000E+000,0.000000000E+000,6.082903986E-020
       101,9.982132645E-001,9.782740336E-002,1.676538765E-018
       102,1.100000000E+000,0.000000000E+000,2.578453543E-019
       103,1.098453615E+000,9.848489320E-002,6.345372376E-018
       104,1.200000000E+000,0.000000000E+000,8.545699068E-019
       105,1.198737675E+000,9.900852077E-002,2.008281038E-017
       106,1.300000000E+000,0.000000000E+000,2.444911178E-018
       107,1.299024051E+000,9.938533769E-002,5.579782556E-017
       108,1.400000000E+000,0.000000000E+000,6.734734148E-018
       109,1.399281227E+000,9.963548423E-002,1.486988044E-016
       110,1.500000000E+000,0.000000000E+000,1.844505067E-017
       111,1.499492670E+000,9.979136044E-002,3.962419068E-016
       112,1.600000000E+000,0.000000000E+000,5.011816194E-017
       113,1.599654958E+000,9.988392508E-002,1.058962391E-015
       114,1.700000000E+000,0.000000000E+000,1.344411620E-016
       115,1.699772883E+000,9.993690568E-002,2.823799264E-015
       116,1.800000000E+000,0.000000000E+000,3.550801290E-016
       117,1.799854782E+000,9.996636617E-002,7.480063254E-015
       118,1.900000000E+000,0.000000000E+000,9.246074009E-016
       119,1.899909506E+000,9.998239816E-002,1.965070528E-014
       120,2.000000000E+000,0.000000000E+000,2.383434882E-015
       121,1.999944893E+000,9.999098639E-002,5.121132400E-014
       122,2.100000000E+000,0.000000000E+000,6.108954505E-015
       123,2.099967182E+000,9.999551215E-002,1.332524450E-013
       124,2.200000000E+000,0.000000000E+000,1.571137528E-014
       125,2.199981034E+000,9.999784248E-002,3.480411489E-013
       126,2.300000000E+000,0.000000000E+000,4.074459547E-014
       127,2.299989917E+000,9.999899015E-002,9.083449054E-013
       128,2.400000000E+000,0.000000000E+000,1.060778391E-013
       129,2.399996661E+000,9.999937915E-002,2.352323631E-012
       130,2.500000000E+000,0.000000000E+000,2.755968468E-013
       131,2.500004052E+000,9.999862817E-002,6.011623491E-012
       132,2.600000000E+000,0.000000000E+000,7.120489094E-013
       133,2.600015173E+000,9.999468687E-002,1.511390492E-011
       134,2.700000000E+000,0.000000000E+000,1.833535927E-012
       135,2.700033061E+000,9.998270116E-002,3.745832811E-011
       136,2.800000000E+000,0.000000000E+000,4.778150531E-012
       137,2.800059118E+000,9.995543823E-002,9.284790298E-011
       138,2.900000000E+000,0.000000000E+000,1.295148450E-011
       139,2.900091295E+000,9.990754210E-002,2.369410501E-010
       140,3.000000000E+000,0.000000000E+000,3.754066502E-011
       141,3.000124616E+000,9.984219836E-002,6.430048716E-010
       142,3.100000000E+000,0.000000000E+000,1.176048564E-010
       143,3.100155835E+000,9.977231454E-002,1.878953437E-009
       144,3.200000000E+000,0.000000000E+000,3.914169544E-010
       145,3.200188553E+000,9.970956414E-002,5.783263646E-009
       146,3.300000000E+000,0.000000000E+000,1.336268540E-009
       147,3.300226727E+000,9.965786037E-002,1.811207362E-008
       148,3.400000000E+000,0.000000000E+000,4.543116994E-009
       149,3.400265797E+000,9.961185986E-002,5.604555753E-008
       150,3.500000000E+000,0.000000000E+000,1.498912461E-008
       151,3.500291344E+000,9.958507260E-002,1.677031918E-007
       152,3.600000000E+000,0.000000000E+000,4.695898426E-008
       153,3.600285496E+000,9.958844769E-002,4.772467719E-007
       154,3.700000000E+000,0.000000000E+000,1.372068681E-007
       155,3.700246380E+000,9.963106929E-002,1.274621127E-006
       156,3.800000000E+000,0.000000000E+000,3.715413754E-007
       157,3.800187134E+000,9.970972574E-002,3.175842267E-006
       158,3.900000000E+000,0.000000000E+000,9.247459616E-007
       159,3.900100009E+000,9.983971998E-002,7.256823210E-006
       160,4.000000000E+000,1.000000000E-001,1.000708562E-005
       161,3.900000000E+000,3.000000000E+000,5.304726074E-006
       162,3.900094140E+000,2.900145918E+000,3.477329301E-005
       163,4.000000000E+000,2.900000000E+000,4.802381227E-005
       164,3.800000000E+000,3.000000000E+000,2.122637852E-006
       165,3.800157179E+000,2.900240848E+000,1.516971952E-005
       166,3.700000000E+000,3.000000000E+000,7.809626936E-007
       167,3.700202010E+000,2.900293312E+000,6.087422662E-006
       168,3.600000000E+000,3.000000000E+000,2.674430846E-007
       169,3.600225842E+000,2.900298548E+000,2.284533366E-006
       170,3.500000000E+000,3.000000000E+000,8.697538334E-008
       171,3.500225004E+000,2.900274724E+000,8.166226166E-007
       172,3.400000000E+000,3.000000000E+000,2.740804916E-008
       173,3.400201257E+000,2.900242942E+000,2.830233257E-007
       174,3.300000000E+000,3.000000000E+000,8.584862599E-009
       175,3.300167765E+000,2.900215022E+000,9.746698026E-008
       176,3.200000000E+000,3.000000000E+000,2.768724361E-009
       177,3.200138226E+000,2.900188571E+000,3.449023112E-008
       178,3.100000000E+000,3.000000000E+000,9.596612394E-010
       179,3.100116277E+000,2.900155914E+000,1.301299779E-008
       180,3.000000000E+000,3.000000000E+000,3.672171456E-010
       181,3.000097537E+000,2.900116914E+000,5.329441777E-009
       182,2.900000000E+000,3.000000000E+000,1.529486121E-010
       183,2.900078472E+000,2.900078738E+000,2.329018978E-009
       184,2.800000000E+000,3.000000000E+000,6.639647165E-011
       185,2.800059428E+000,2.900047992E+000,1.046180254E-009
       186,2.700000000E+000,3.000000000E+000,2.891250607E-011
       187,2.700042291E+000,2.900026822E+000,4.682573218E-010
       188,2.600000000E+000,3.000000000E+000,1.237990526E-011
       189,2.600028317E+000,2.900013927E+000,2.053412995E-010
       190,2.500000000E+000,3.000000000E+000,5.149234771E-012
       191,2.500017483E+000,2.900006812E+000,8.721724731E-011
       192,2.400000000E+000,3.000000000E+000,2.059999957E-012
       193,2.400008448E+000,2.900003261E+000,3.553333322E-011
       194,2.300000000E+000,3.000000000E+000,7.842709229E-013
       195,2.299998257E+000,2.900001860E+000,1.375355906E-011
       196,2.200000000E+000,3.000000000E+000,2.801934845E-013
       197,2.199981402E+000,2.900002095E+000,5.005636964E-012
       198,2.100000000E+000,3.000000000E+000,9.262675940E-014
       199,2.099948438E+000,2.900004756E+000,1.692562865E-012
       200,2.000000000E+000,3.000000000E+000,2.800598735E-014
       201,1.999885164E+000,2.900013839E+000,5.263221499E-013
       202,1.900000000E+000,3.000000000E+000,7.697048531E-015
       203,1.899774685E+000,2.900041533E+000,1.508413213E-013
       204,1.800000000E+000,3.000000000E+000,1.948300716E-015
       205,1.799606094E+000,2.900116818E+000,4.100831071E-014
       206,1.700000000E+000,3.000000000E+000,4.745960544E-016
       207,1.699391000E+000,2.900290082E+000,1.099261656E-014
       208,1.600000000E+000,3.000000000E+000,1.099491382E-016
       209,1.599182040E+000,2.900617639E+000,2.675006704E-015
       210,1.500000000E+000,3.000000000E+000,1.951453565E-017
       211,1.499084022E+000,2.901111762E+000,4.869584473E-016
       212,1.400000000E+000,3.000000000E+000,1.980207521E-018
       213,1.399221828E+000,2.901666142E+000,5.199878353E-017
       214,1.300000000E+000,3.000000000E+000,9.189537812E-020
       215,1.299616206E+000,2.902054052E+000,2.866195505E-018
       216,1.200000000E+000,3.000000000E+000,6.573407226E-021
       217,1.200111346E+000,2.902087791E+000,2.332629940E-019
       218,1.100000000E+000,3.000000000E+000,9.477715703E-022
       219,1.100503248E+000,2.901786895E+000,3.320828368E-020
       220,1.000000000E+000,3.000000000E+000,1.479043768E-022
       221,1.000688193E+000,2.901328335E+000,5.174352793E-021
       222,9.000000000E-001,3.000000000E+000,2.227546928E-023
       223,9.006712516E-001,2.900879493E+000,7.855220925E-022
       224,8.000000000E-001,3.000000000E+000,3.015680937E-024
       225,8.005026503E-001,2.900506436E+000,1.085885969E-022
       226,7.000000000E-001,3.000000000E+000,3.512269567E-025
       227,7.002303127E-001,2.900191369E+000,1.311688804E-023
       228,6.000000000E-001,3.000000000E+000,3.368398471E-026
       229,5.999199813E-001,2.899987133E+000,1.335717724E-024
       230,5.000000000E-001,3.000000000E+000,2.500654403E-027
       231,4.996321214E-001,2.899905558E+000,1.092168063E-025
       232,4.000000000E-001,3.000000000E+000,1.290115710E-028
       233,3.994465926E-001,2.899938034E+000,6.718650522E-027
       234,3.000000000E-001,3.000000000E+000,3.579603360E-030
       235,2.993973557E-001,2.900035214E+000,2.801695068E-028
       236,2.000000000E-001,3.000000000E+000,9.955763997E-034
       237,1.994911393E-001,2.900157643E+000,6.513957746E-030
       238,4.000000000E+000,2.000000000E-001,7.996962086E-005
       239,3.900168512E+000,1.997191324E-001,5.909614993E-005
       240,4.000000000E+000,3.000000000E-001,4.177769588E-004
       241,3.900176137E+000,2.996799739E-001,3.143187496E-004
       242,4.000000000E+000,4.000000000E-001,1.565747662E-003
       243,3.900150609E+000,3.997003350E-001,1.202279818E-003
       244,4.000000000E+000,5.000000000E-001,4.425245803E-003
       245,3.900115640E+000,4.997610660E-001,3.484679852E-003
       246,4.000000000E+000,6.000000000E-001,9.771629237E-003
       247,3.900084725E+000,5.998498549E-001,7.931390777E-003
       248,4.000000000E+000,7.000000000E-001,1.747122966E-002
       249,3.900065892E+000,6.999695734E-001,1.465212088E-002
       250,4.000000000E+000,8.000000000E-001,2.640659548E-002
       251,3.900072366E+000,8.001378625E-001,2.282084152E-002
       252,4.000000000E+000,9.000000000E-001,3.550844640E-002
       253,3.900141582E+000,9.003756823E-001,3.140003979E-002
       254,4.000000000E+000,1.000000000E+000,4.481454939E-002
       255,3.900345746E+000,1.000685629E+000,4.029665887E-002
       256,4.000000000E+000,1.100000000E+000,5.542692915E-002
       257,3.900770783E+000,1.101018099E+000,5.073691159E-002
       258,4.000000000E+000,1.200000000E+000,6.841180474E-002
       259,3.901447948E+000,1.201238583E+000,6.425435841E-002
       260,4.000000000E+000,1.300000000E+000,8.332296461E-002
       261,3.902256695E+000,1.301175284E+000,8.056214452E-002
       262,4.000000000E+000,1.400000000E+000,9.788213670E-002
       263,3.902915168E+000,1.400771367E+000,9.676098078E-002
       264,4.000000000E+000,1.500000000E+000,1.104841530E-001
       265,3.903163020E+000,1.500161864E+000,1.103344783E-001
       266,4.000000000E+000,1.600000000E+000,1.107984260E-001
       267,3.902944890E+000,1.599568169E+000,1.103516296E-001
       268,4.000000000E+000,1.700000000E+000,9.686204046E-002
       269,3.902400769E+000,1.699157935E+000,9.457252175E-002
       270,4.000000000E+000,1.800000000E+000,7.986334711E-002
       271,3.901743861E+000,1.798987992E+000,7.526868582E-002
       272,4.000000000E+000,1.900000000E+000,6.466859579E-002
       273,3.901146957E+000,1.899020051E+000,5.903755128E-002
       274,4.000000000E+000,2.000000000E+000,5.318249762E-002
       275,3.900693811E+000,1.999174306E+000,4.784769565E-002
       276,4.000000000E+000,2.100000000E+000,4.438677430E-002
       277,3.900393477E+000,2.099379111E+000,3.969058394E-002
       278,4.000000000E+000,2.200000000E+000,3.624261171E-002
       279,3.900219255E+000,2.199592353E+000,3.201050311E-002
       280,4.000000000E+000,2.300000000E+000,2.735969611E-002
       281,3.900138689E+000,2.299798657E+000,2.358233929E-002
       282,4.000000000E+000,2.400000000E+000,1.800739206E-002
       283,3.900123237E+000,2.399992767E+000,1.501164958E-002
       284,4.000000000E+000,2.500000000E+000,9.802577086E-003
       285,3.900148478E+000,2.500154266E+000,7.882890292E-003
       286,4.000000000E+000,2.600000000E+000,4.214130342E-003
       287,3.900177348E+000,2.600252070E+000,3.278498305E-003
       288,4.000000000E+000,2.700000000E+000,1.368672005E-003
       289,3.900179788E+000,2.700273570E+000,1.035674708E-003
       290,4.000000000E+000,2.800000000E+000,3.178820480E-004
       291,3.900142999E+000,2.800220634E+000,2.351336007E-004
       292,1.989544834E-001,2.800225521E+000,5.005678741E-028
       293,1.983301160E-001,2.700179011E+000,2.068278662E-026
       294,1.975242659E-001,2.600052021E+000,5.297086101E-025
       295,1.965348445E-001,2.500076192E+000,9.083972348E-024
       296,1.952726864E-001,2.400562325E+000,1.167561724E-022
       297,1.936789641E-001,2.302040329E+000,8.604007191E-022
       298,1.918102686E-001,2.204876022E+000,7.351039094E-022
       299,1.903864765E-001,2.109841308E+000,0.000000000E+000
       300,1.904630273E-001,2.017336676E+000,0.000000000E+000
       301,1.932809427E-001,1.927700161E+000,2.968062462E-010
       302,2.001266700E-001,1.840989260E+000,3.941016402E-008
       303,2.138484590E-001,1.758218824E+000,9.597517783E-005
       304,2.356730026E-001,1.680938499E+000,7.072281837E-002
       305,2.598258278E-001,1.612050579E+000,1.442866474E-001
       306,2.851072097E-001,1.551775920E+000,1.498123258E-001
       307,2.680671081E-001,1.460667307E+000,1.193322390E-001
       308,3.146932034E-001,1.501963189E+000,1.335034072E-001
       309,2.126271518E-001,1.413382573E+000,9.318596870E-002
       310,3.800294955E+000,1.995187540E-001,2.753443732E-005
       311,3.800318129E+000,2.994394692E-001,1.551994210E-004
       312,3.800285673E+000,3.994652047E-001,6.318320520E-004
       313,3.800229356E+000,4.995750532E-001,1.967811724E-003
       314,3.800177056E+000,5.997588881E-001,4.859345499E-003
       315,3.800148129E+000,7.000285440E-001,9.769742377E-003
       316,3.800178180E+000,8.004130925E-001,1.642687991E-002
       317,3.800346029E+000,9.009324383E-001,2.396555431E-002
       318,3.800783532E+000,1.001558527E+000,3.206540644E-002
       319,3.801634696E+000,1.102159751E+000,4.212418944E-002
       320,3.802928351E+000,1.202472447E+000,5.662559345E-002
       321,3.804407856E+000,1.302228971E+000,7.561933994E-002
       322,3.805566663E+000,1.401396519E+000,9.489076585E-002
       323,3.805979860E+000,1.500235599E+000,1.101502180E-001
       324,3.805571080E+000,1.599119429E+000,1.095701754E-001
       325,3.804582770E+000,1.698333682E+000,9.036447108E-002
       326,3.803381608E+000,1.797984280E+000,6.661523134E-002
       327,3.802272043E+000,1.898016882E+000,4.852282256E-002
       328,3.801411850E+000,1.998300248E+000,3.811982274E-002
       329,3.800830301E+000,2.098705180E+000,3.116906993E-002
       330,3.800487617E+000,2.199144147E+000,2.429756708E-002
       331,3.800323059E+000,2.299570989E+000,1.679949835E-002
       332,3.800280987E+000,2.399951537E+000,9.822623804E-003
       333,3.800301978E+000,2.500241966E+000,4.698288627E-003
       334,3.800326211E+000,2.600406121E+000,1.785736065E-003
       335,3.800317243E+000,2.700452944E+000,5.203380715E-004
       336,3.800252323E+000,2.800374452E+000,1.099833535E-004
       337,3.700341317E+000,2.800483805E+000,4.793214248E-005
       338,3.600389280E+000,2.800510333E+000,1.976586100E-005
       339,3.500392351E+000,2.800495685E+000,7.819138773E-006
       340,3.400359205E+000,2.800468784E+000,3.017496738E-006
       341,3.300315580E+000,2.800441832E+000,1.163588763E-006
       342,3.200281063E+000,2.800403189E+000,4.621761036E-007
       343,3.100254792E+000,2.800340963E+000,1.943402026E-007
       344,3.000225785E+000,2.800260286E+000,8.706321353E-008
       345,2.900189099E+000,2.800178890E+000,4.070091464E-008
       346,2.800148066E+000,2.800111748E+000,1.924868620E-008
       347,2.700108494E+000,2.800064260E+000,8.995455936E-009
       348,2.600074171E+000,2.800034475E+000,4.096949890E-009
       349,2.500045368E+000,2.800017682E+000,1.800043337E-009
       350,2.400018602E+000,2.800009581E+000,7.560924109E-010
       351,2.299986159E+000,2.800007507E+000,3.009186789E-010
       352,2.199934800E+000,2.800010550E+000,1.124577098E-010
       353,2.099844333E+000,2.800020512E+000,3.912035626E-011
       354,1.999688384E+000,2.800046238E+000,1.258097532E-011
       355,1.899441577E+000,2.800113724E+000,3.763295231E-012
       356,1.799097577E+000,2.800280023E+000,1.079084521E-012
       357,1.698696812E+000,2.800636301E+000,3.016221170E-013
       358,1.598353756E+000,2.801274903E+000,7.505926897E-014
       359,1.498263512E+000,2.802194112E+000,1.407218356E-014
       360,1.398607071E+000,2.803177601E+000,1.634977723E-015
       361,1.299354695E+000,2.803826859E+000,1.156321072E-016
       362,1.200229640E+000,2.803859703E+000,1.245869495E-017
       363,1.100916663E+000,2.803336266E+000,1.870544878E-018
       364,1.001242170E+000,2.802536790E+000,2.913369925E-019
       365,9.011834653E-001,2.801691649E+000,4.363547368E-020
       366,8.008136986E-001,2.800871949E+000,5.980593377E-021
       367,7.002697522E-001,2.800205300E+000,7.240132572E-022
       368,5.996536077E-001,2.799772996E+000,7.458381985E-023
       369,4.991255528E-001,2.799617695E+000,6.240992193E-024
       370,3.988115159E-001,2.799691885E+000,4.009579808E-025
       371,2.987647592E-001,2.799914860E+000,1.825689297E-026
       372,2.952133693E-001,1.895484178E-001,2.316700043E-023
       373,3.947602916E-001,1.902136405E-001,5.334214332E-023
       374,4.948308428E-001,1.907611336E-001,3.589419355E-023
       375,5.950785426E-001,1.913140166E-001,8.613652731E-020
       376,6.952880201E-001,1.920526773E-001,8.874059786E-019
       377,7.954649324E-001,1.931143867E-001,4.434175293E-018
       378,8.957253245E-001,1.944249152E-001,1.626292009E-017
       379,9.961347575E-001,1.957918355E-001,5.348794024E-017
       380,1.096676639E+000,1.970262753E-001,1.670129273E-016
       381,1.197285133E+000,1.980168880E-001,4.883355640E-016
       382,1.297886064E+000,1.987392829E-001,1.333962437E-015
       383,1.398423316E+000,1.992275849E-001,3.584152577E-015
       384,1.498867691E+000,1.995392246E-001,9.715047777E-015
       385,1.599213379E+000,1.997301560E-001,2.652327820E-014
       386,1.699469310E+000,1.998439921E-001,7.244193716E-014
       387,1.799651129E+000,1.999107963E-001,1.967722047E-013
       388,1.899775896E+000,1.999497386E-001,5.293829069E-013
       389,1.999859144E+000,1.999723292E-001,1.407927377E-012
       390,2.099913624E+000,1.999852589E-001,3.725442264E-012
       391,2.199949341E+000,1.999924509E-001,9.771477898E-012
       392,2.299974400E+000,1.999961548E-001,2.522269546E-011
       393,2.399996114E+000,1.999970988E-001,6.371884270E-011
       394,2.500021856E+000,1.999935195E-001,1.569371577E-010
       395,2.600058914E+000,1.999790854E-001,3.762961609E-010
       396,2.700112159E+000,1.999414498E-001,8.812806040E-010
       397,2.800179547E+000,1.998658628E-001,2.044061143E-009
       398,2.900249186E+000,1.997467961E-001,4.833389244E-009
       399,3.000304062E+000,1.996015400E-001,1.205246836E-008
       400,3.100338066E+000,1.994669422E-001,3.201544274E-008
       401,3.200365906E+000,1.993750014E-001,8.889477954E-008
       402,3.300402430E+000,1.993142676E-001,2.501205074E-007
       403,3.400442285E+000,1.992789458E-001,6.950741636E-007
       404,3.500459153E+000,1.992752982E-001,1.874379905E-006
       405,3.600433953E+000,1.993165608E-001,4.841716873E-006
       406,3.700365758E+000,1.994098198E-001,1.189663726E-005
       407,2.979507537E-001,2.699646570E+000,7.107454825E-025
       408,2.968600169E-001,2.599333105E+000,1.788802372E-023
       409,2.953960322E-001,2.499298667E+000,3.129581100E-022
       410,2.934737242E-001,2.400217570E+000,4.080350695E-021
       411,2.910611950E-001,2.302530436E+000,3.385077360E-020
       412,2.884597773E-001,2.206948533E+000,2.920295883E-020
       413,2.863530970E-001,2.114013061E+000,9.012922897E-017
       414,2.857670640E-001,2.024312647E+000,1.257424611E-013
       415,2.871243386E-001,1.937732913E+000,3.440092100E-010
       416,2.918748417E-001,1.854753668E+000,1.202515278E-007
       417,3.008688422E-001,1.775480331E+000,1.196689700E-004
       418,3.134836066E-001,1.700780352E+000,6.096322089E-002
       419,3.270287569E-001,1.632592199E+000,1.340452433E-001
       420,3.391260201E-001,1.574064210E+000,1.464201212E-001
       421,3.479658422E-001,1.531523284E+000,1.384356171E-001
       422,3.617348260E-001,1.466005782E+000,1.161505654E-001
       423,3.898576785E-001,1.517789152E+000,1.316525489E-001
       424,3.210895525E-001,1.410468387E+000,9.191315621E-002
       425,2.704922909E-001,1.346282069E+000,5.899780989E-002
       426,3.979633545E-001,2.699241739E+000,1.510898665E-023
       427,3.966680064E-001,2.598794777E+000,3.858508266E-022
       428,3.948224672E-001,2.498930934E+000,6.966935979E-021
       429,3.923318701E-001,2.400233005E+000,9.342930056E-020
       430,3.892601080E-001,2.303562673E+000,9.414915965E-019
       431,3.859809330E-001,2.209427725E+000,8.264268959E-019
       432,3.831476015E-001,2.118332094E+000,5.828774641E-016
       433,3.813248964E-001,2.030507551E+000,5.204139528E-013
       434,3.810954309E-001,1.946106260E+000,5.050012630E-010
       435,3.831262176E-001,1.864777872E+000,2.298287143E-007
       436,3.873750140E-001,1.786272602E+000,1.493966556E-004
       437,3.927703443E-001,1.710969410E+000,5.715250596E-002
       438,3.970979807E-001,1.640107666E+000,1.296126395E-001
       439,3.976089334E-001,1.575100621E+000,1.431321949E-001
       440,4.493197533E-001,1.499636728E+000,1.227595657E-001
       441,4.647419617E-001,1.567344184E+000,1.393443793E-001
       442,4.223072676E-001,1.435140428E+000,1.013103351E-001
       443,3.871803627E-001,1.369336740E+000,7.423387468E-002
       444,3.474214742E-001,1.297449045E+000,4.283654690E-002
       445,3.082031595E-001,1.213640141E+000,1.286907122E-002
       446,2.871810761E-001,1.118925672E+000,3.254002368E-004
       447,2.768206394E-001,1.027048905E+000,5.521499702E-007
       448,2.737590934E-001,9.367464923E-001,1.328185895E-009
       449,2.744436692E-001,8.457789070E-001,1.356959250E-011
       450,2.766607356E-001,7.535570428E-001,2.048001119E-013
       451,2.794612963E-001,6.604288295E-001,3.768090440E-015
       452,2.826227180E-001,5.667629821E-001,1.168815205E-016
       453,2.859902498E-001,4.727786275E-001,3.187210652E-018
       454,2.893683715E-001,3.785388669E-001,7.026642748E-020
       455,2.925078630E-001,2.840918062E-001,1.312124031E-021
       456,3.700415317E+000,2.700552786E+000,2.463195124E-004
       457,3.600476579E+000,2.700593218E+000,1.114357365E-004
       458,3.500488474E+000,2.700608294E+000,4.878297113E-005
       459,3.400465070E+000,2.700615968E+000,2.100737038E-005
       460,3.300437622E+000,2.700614635E+000,9.100908755E-006
       461,3.200422333E+000,2.700584284E+000,4.064409495E-006
       462,3.100408116E+000,2.700507705E+000,1.902080044E-006
       463,3.000378169E+000,2.700397403E+000,9.294291772E-007
       464,2.900328016E+000,2.700280835E+000,4.641680675E-007
       465,2.800264944E+000,2.700180967E+000,2.312774399E-007
       466,2.700199274E+000,2.700107674E+000,1.130920566E-007
       467,2.600137715E+000,2.700060250E+000,5.367386180E-008
       468,2.500080687E+000,2.700033583E+000,2.450687653E-008
       469,2.400021775E+000,2.700022847E+000,1.067703437E-008
       470,2.299947591E+000,2.700025071E+000,4.402455289E-009
       471,2.199837128E+000,2.700038930E+000,1.704206110E-009
       472,2.099661675E+000,2.700066484E+000,6.153062504E-010
       473,1.999388936E+000,2.700120553E+000,2.067480215E-010
       474,1.898996356E+000,2.700239379E+000,6.528301510E-011
       475,1.798496385E+000,2.700503060E+000,1.987519871E-011
       476,1.697968438E+000,2.701033020E+000,5.807731032E-012
       477,1.597583928E+000,2.701939893E+000,1.495158272E-012
       478,1.497586374E+000,2.703190366E+000,2.947065335E-013
       479,1.398144354E+000,2.704466346E+000,3.864972036E-014
       480,1.299159966E+000,2.705269023E+000,3.625851586E-015
       481,1.200286711E+000,2.705295141E+000,5.023189133E-016
       482,1.101132423E+000,2.704638591E+000,7.912880546E-017
       483,1.001445668E+000,2.703542123E+000,1.224906505E-017
       484,9.012237427E-001,2.702220874E+000,1.788509241E-018
       485,8.006269442E-001,2.700976130E+000,2.380827170E-019
       486,6.997999774E-001,2.699961925E+000,2.810067281E-020
       487,5.989356032E-001,2.699362399E+000,2.832219565E-021
       488,4.982645752E-001,2.699145901E+000,2.344043761E-022
       489,3.700415468E+000,2.992880899E-001,7.199160609E-005
       490,3.700385585E+000,3.993076003E-001,3.152071440E-004
       491,3.700322199E+000,4.994604667E-001,1.061806455E-003
       492,3.700261364E+000,5.997498123E-001,2.857161686E-003
       493,3.700238358E+000,7.002012787E-001,6.287980359E-003
       494,3.700312427E+000,8.008381655E-001,1.152340230E-002
       495,3.700598894E+000,9.016520292E-001,1.803394221E-002
       496,3.701274089E+000,1.002554849E+000,2.539627068E-002
       497,3.702517104E+000,1.103321633E+000,3.508310392E-002
       498,3.704327391E+000,1.203601578E+000,5.048515275E-002
       499,3.706318877E+000,1.303111245E+000,7.189617306E-002
       500,3.707829246E+000,1.401876097E+000,9.369875491E-002
       501,3.708344387E+000,1.500245406E+000,1.101261005E-001
       502,3.707784876E+000,1.598686607E+000,1.090233922E-001
       503,3.706460653E+000,1.697564242E+000,8.701526374E-002
       504,3.704839416E+000,1.797028803E+000,5.927653983E-002
       505,3.703318488E+000,1.897031855E+000,3.967202455E-002
       506,3.702116231E+000,1.997416145E+000,3.025693819E-002
       507,3.701285934E+000,2.098009809E+000,2.428646572E-002
       508,3.700783340E+000,2.198678746E+000,1.804713346E-002
       509,3.700533478E+000,2.299325106E+000,1.154904347E-002
       510,3.700447986E+000,2.399873809E+000,6.146098487E-003
       511,3.700439668E+000,2.500262037E+000,2.664926229E-003
       512,3.700432483E+000,2.600457303E+000,9.222899680E-004
       513,3.915787197E-001,2.851949016E-001,9.586552760E-022
       514,4.914199435E-001,2.862323686E-001,3.498639767E-023
       515,5.916253743E-001,2.873047153E-001,2.061514743E-017
       516,6.919222226E-001,2.886349581E-001,1.084198533E-016
       517,7.923114341E-001,2.902865242E-001,3.067729665E-016
       518,8.928724006E-001,2.921572564E-001,6.646359429E-016
       519,9.936377030E-001,2.940454974E-001,1.395434159E-015
       520,1.094570685E+000,2.957237441E-001,3.233295013E-015
       521,1.195569828E+000,2.970755729E-001,8.175143573E-015
       522,1.296531950E+000,2.980772816E-001,2.144627453E-014
       523,1.397383669E+000,2.987707665E-001,5.830211802E-014
       524,1.498089148E+000,2.992274794E-001,1.627654581E-013
       525,1.598643361E+000,2.995189139E-001,4.597458482E-013
       526,1.699060423E+000,2.997020979E-001,1.298946194E-012
       527,1.799363376E+000,2.998170369E-001,3.637971868E-012
       528,1.899577322E+000,2.998894763E-001,1.002782406E-011
       529,1.999725338E+000,2.999350582E-001,2.717005093E-011
       530,2.099826851E+000,2.999632528E-001,7.231980986E-011
       531,2.199898016E+000,2.999800257E-001,1.879521538E-010
       532,2.299953043E+000,2.999889143E-001,4.741712023E-010
       533,2.400005446E+000,2.999905391E-001,1.157183682E-009
       534,2.500068216E+000,2.999804743E-001,2.727347015E-009
       535,2.600151610E+000,2.999462772E-001,6.211491765E-009
       536,2.700257546E+000,2.998675224E-001,1.373877545E-008
       537,2.800372814E+000,2.997250623E-001,2.991507131E-008
       538,2.900467764E+000,2.995225984E-001,6.584604506E-008
       539,3.000513086E+000,2.993052277E-001,1.503688480E-007
       540,3.100511994E+000,2.991495939E-001,3.597074283E-007
       541,3.200499655E+000,2.990734741E-001,8.902019886E-007
       542,3.300504522E+000,2.990602438E-001,2.229834763E-006
       543,3.400515591E+000,2.990792930E-001,5.542337476E-006
       544,3.500508245E+000,2.991263851E-001,1.347424950E-005
       545,3.600463458E+000,2.992090402E-001,3.177034887E-005
       546,4.721126766E-001,1.638865488E+000,1.284722388E-001
       547,5.395605769E-001,1.554011448E+000,1.346551180E-001
       548,5.526039781E-001,1.631645242E+000,1.285112500E-001
       549,5.197386622E-001,1.479332980E+000,1.147293299E-001
       550,4.929680709E-001,1.407345018E+000,9.002194554E-002
       551,4.615623514E-001,1.335502731E+000,6.183177605E-002
       552,4.285711989E-001,1.261045058E+000,3.266759589E-002
       553,3.982866014E-001,1.182021673E+000,9.317995980E-003
       554,3.762138811E-001,1.099711657E+000,2.655248973E-004
       555,3.632779500E-001,1.017795876E+000,6.854515959E-007
       556,3.614107053E-001,9.343688969E-001,1.847149211E-009
       557,3.645882174E-001,8.470983668E-001,1.529348523E-011
       558,3.693459646E-001,7.564559599E-001,2.591431030E-013
       559,3.743481948E-001,6.636497735E-001,7.497955131E-015
       560,3.792017318E-001,5.696545519E-001,2.671661030E-016
       561,3.837936247E-001,4.750491151E-001,2.066387540E-018
       562,3.879999454E-001,3.801573134E-001,4.711978137E-020
       563,3.600443855E+000,3.992170555E-001,1.509239810E-004
       564,3.600383937E+000,4.994048493E-001,5.533481599E-004
       565,3.600329802E+000,5.998070159E-001,1.628961996E-003
       566,3.600328779E+000,7.004525266E-001,3.939358518E-003
       567,3.600464070E+000,8.013488723E-001,7.918051444E-003
       568,3.600879198E+000,9.024346202E-001,1.341234986E-002
       569,3.601782637E+000,1.003546964E+000,2.007534727E-002
       570,3.603364102E+000,1.104383079E+000,2.947781235E-002
       571,3.605570794E+000,1.204558048E+000,4.576186836E-002
       572,3.607914873E+000,1.303816878E+000,6.923223287E-002
       573,3.609651878E+000,1.402239616E+000,9.296020120E-002
       574,3.610229775E+000,1.500228342E+000,1.101636738E-001
       575,3.609569803E+000,1.598304294E+000,1.086459160E-001
       576,3.608017205E+000,1.696886002E+000,8.449499309E-002
       577,3.606096786E+000,1.796167262E+000,5.340390280E-002
       578,3.604264914E+000,1.896120537E+000,3.253897280E-002
       579,3.602784145E+000,1.996583070E+000,2.402720973E-002
       580,3.601731078E+000,2.097353749E+000,1.876693033E-002
       581,3.601078781E+000,2.198239494E+000,1.313003618E-002
       582,3.600737330E+000,2.299088742E+000,7.711705752E-003
       583,3.600593147E+000,2.399780757E+000,3.719071159E-003
       584,3.600542146E+000,2.500250532E+000,1.458154409E-003
       585,3.600506743E+000,2.600489484E+000,4.578969383E-004
       586,3.500534897E+000,2.600538816E+000,2.217768779E-004
       587,3.400533554E+000,2.600582977E+000,1.066329278E-004
       588,3.300535705E+000,2.600620613E+000,5.183550820E-005
       589,3.200548171E+000,2.600617815E+000,2.590994518E-005
       590,3.100552271E+000,2.600559104E+000,1.339061782E-005
       591,3.000528326E+000,2.600453100E+000,7.085880952E-006
       592,2.900471272E+000,2.600332603E+000,3.766296913E-006
       593,2.800390330E+000,2.600223900E+000,1.976880867E-006
       594,2.700298454E+000,2.600140165E+000,1.013189149E-006
       595,2.600203842E+000,2.600084543E+000,5.027400221E-007
       596,2.500106214E+000,2.600055832E+000,2.397325716E-007
       597,2.399996451E+000,2.600052550E+000,1.090695534E-007
       598,2.299857398E+000,2.600073215E+000,4.700150669E-008
       599,2.199663995E+000,2.600115406E+000,1.905548963E-008
       600,2.099384481E+000,2.600179319E+000,7.238448507E-009
       601,1.998988013E+000,2.600279439E+000,2.581629355E-009
       602,1.898463597E+000,2.600463449E+000,8.749469482E-010
       603,1.797849693E+000,2.600829368E+000,2.856338499E-010
       604,1.697263946E+000,2.601517391E+000,8.803208162E-011
       605,1.596913986E+000,2.602636000E+000,2.372241466E-011
       606,1.497041903E+000,2.604105675E+000,5.016244364E-012
       607,1.397761902E+000,2.605540065E+000,7.651004396E-013
       608,1.298908972E+000,2.606417617E+000,9.470428050E-014
       609,1.200038888E+000,2.606471185E+000,1.549894958E-014
       610,1.100722008E+000,2.605683678E+000,2.513512461E-015
       611,1.000783160E+000,2.604238128E+000,3.842957777E-016
       612,9.003017814E-001,2.602631434E+000,5.415310926E-017
       613,7.994717166E-001,2.601053837E+000,6.894304319E-018
       614,6.984415201E-001,2.599888968E+000,7.754788774E-019
       615,5.974892103E-001,2.599130473E+000,7.468472872E-020
       616,4.968448438E-001,2.598833272E+000,5.980481094E-021
       617,4.873594380E-001,3.818559458E-001,6.163738402E-018
       618,5.873412594E-001,3.837337068E-001,2.458202480E-015
       619,6.877003496E-001,3.858429683E-001,9.171639719E-015
       620,7.883545030E-001,3.881039230E-001,1.730430882E-014
       621,8.893104283E-001,3.904672470E-001,2.533592436E-014
       622,9.905527103E-001,3.926624725E-001,3.628394717E-014
       623,1.091996929E+000,3.945907660E-001,5.914854788E-014
       624,1.193487100E+000,3.961682561E-001,1.187086589E-013
       625,1.294885667E+000,3.973682199E-001,2.854371741E-013
       626,1.396106063E+000,3.982283732E-001,7.698045218E-013
       627,1.497112773E+000,3.988199309E-001,2.192085706E-012
       628,1.597907450E+000,3.992177760E-001,6.354409186E-012
       629,1.698513170E+000,3.994839223E-001,1.838820415E-011
       630,1.798962351E+000,3.996630625E-001,5.244850734E-011
       631,1.899288853E+000,3.997844786E-001,1.462031884E-010
       632,1.999523441E+000,3.998664109E-001,3.977609908E-010
       633,2.099692547E+000,3.999204764E-001,1.048988674E-009
       634,2.199819246E+000,3.999544480E-001,2.664562571E-009
       635,2.299924722E+000,3.999729627E-001,6.498728222E-009
       636,2.400028832E+000,3.999761594E-001,1.520307080E-008
       637,2.500148414E+000,3.999565133E-001,3.413208205E-008
       638,2.600292213E+000,3.998959761E-001,7.373976985E-008
       639,2.700453100E+000,3.997689322E-001,1.544105714E-007
       640,2.800600951E+000,3.995601602E-001,3.176917573E-007
       641,2.900690382E+000,3.992976798E-001,6.533676356E-007
       642,3.000695776E+000,3.990761911E-001,1.366887091E-006
       643,3.100640766E+000,3.989573357E-001,2.934212034E-006
       644,3.200579577E+000,3.989550377E-001,6.445658528E-006
       645,3.300539840E+000,3.990142588E-001,1.433274792E-005
       646,3.400513146E+000,3.990917580E-001,3.184383240E-005
       647,3.500476470E+000,3.991715169E-001,7.003911742E-005
       648,4.948028977E-001,2.499048866E+000,1.103802346E-019
       649,4.919167105E-001,2.400908831E+000,1.552602397E-018
       650,4.883427382E-001,2.305126064E+000,1.676336767E-017
       651,4.844588315E-001,2.212211763E+000,1.241146922E-016
       652,4.808359199E-001,2.122476153E+000,4.401757059E-015
       653,4.779317122E-001,2.035919122E+000,3.031594724E-012
       654,4.760390607E-001,1.952219605E+000,2.781139097E-009
       655,4.753227902E-001,1.870699889E+000,2.598502306E-006
       656,4.753622213E-001,1.791026703E+000,2.712789923E-003
       657,4.749707138E-001,1.713340240E+000,5.938175321E-002
       658,5.603800603E-001,1.710453598E+000,6.719944626E-002
       659,6.369669128E-001,1.619575243E+000,1.284549832E-001
       660,6.488820107E-001,1.703163104E+000,7.740408182E-002
       661,6.199844122E-001,1.537592458E+000,1.295659989E-001
       662,5.976137048E-001,1.458436107E+000,1.073256657E-001
       663,5.706621824E-001,1.381604337E+000,8.073110878E-002
       664,5.411265051E-001,1.306054719E+000,5.228240415E-002
       665,5.111839277E-001,1.230286722E+000,2.550665289E-002
       666,4.828119904E-001,1.154038719E+000,6.667286623E-003
       667,4.581830054E-001,1.079351737E+000,1.838309545E-004
       668,4.403502601E-001,1.008946706E+000,7.930594279E-007
       669,4.449216954E-001,9.345308792E-001,3.056397802E-009
       670,4.538557695E-001,8.507884445E-001,1.685669104E-010
       671,4.626310304E-001,7.609599868E-001,1.472138557E-011
       672,4.703002289E-001,6.678186220E-001,8.325681724E-013
       673,4.768985465E-001,5.730677084E-001,3.024142758E-014
       674,4.825654913E-001,4.775900603E-001,7.827287470E-016
       675,3.500429365E+000,4.993855967E-001,2.814496693E-004
       676,3.500391778E+000,5.998835588E-001,9.106703219E-004
       677,3.500425144E+000,7.007126379E-001,2.427227795E-003
       678,3.500628679E+000,8.018427337E-001,5.367905367E-003
       679,3.501175164E+000,9.031613092E-001,9.892828763E-003
       680,3.502290759E+000,1.004427745E+000,1.588149369E-002
       681,3.504153646E+000,1.105284356E+000,2.513440326E-002
       682,3.506651156E+000,1.205341934E+000,4.231696203E-002
       683,3.509230141E+000,1.304382151E+000,6.744189560E-002
       684,3.511113608E+000,1.402524239E+000,9.252484888E-002
       685,3.511737999E+000,1.500201668E+000,1.102215275E-001
       686,3.511022393E+000,1.597972439E+000,1.083964556E-001
       687,3.509324960E+000,1.696299365E+000,8.273161948E-002
       688,3.507197697E+000,1.795417657E+000,4.901132733E-002
       689,3.505126033E+000,1.895326811E+000,2.701760642E-002
       690,3.503398870E+000,1.995870231E+000,1.911434345E-002
       691,3.502144645E+000,2.096801890E+000,1.437008288E-002
       692,3.501350083E+000,2.197885791E+000,9.399387985E-003
       693,3.500911773E+000,2.298901950E+000,5.057267845E-003
       694,3.500698056E+000,2.399704450E+000,2.209606115E-003
       695,3.500591512E+000,2.500229411E+000,7.820941391E-004
       696,3.400609629E+000,2.500279487E+000,4.185305734E-004
       697,3.300633256E+000,2.500337762E+000,2.269563847E-004
       698,3.200663253E+000,2.500377232E+000,1.257673575E-004
       699,3.100679553E+000,2.500364913E+000,7.105386612E-005
       700,3.000658564E+000,2.500315230E+000,4.041119246E-005
       701,2.900595207E+000,2.500246114E+000,2.280172885E-005
       702,2.800497277E+000,2.500179037E+000,1.262329533E-005
       703,2.700376876E+000,2.500125025E+000,6.804541044E-006
       704,2.600240847E+000,2.500091436E+000,3.548600262E-006
       705,2.500087010E+000,2.500086203E+000,1.779799163E-006
       706,2.399905370E+000,2.500116708E+000,8.533828009E-007
       707,2.299679663E+000,2.500185259E+000,3.888161189E-007
       708,2.199386618E+000,2.500287279E+000,1.674993513E-007
       709,2.098997276E+000,2.500418803E+000,6.810694941E-008
       710,1.998487772E+000,2.500593917E+000,2.624067363E-008
       711,1.897862769E+000,2.500867092E+000,9.657373568E-009
       712,1.797185605E+000,2.501347512E+000,3.395726367E-009
       713,1.696599255E+000,2.502178367E+000,1.109674574E-009
       714,1.596310975E+000,2.503445439E+000,3.171539698E-010
       715,1.496511470E+000,2.505023575E+000,7.352250059E-011
       716,1.397221101E+000,2.506507039E+000,1.316348940E-011
       717,1.298126206E+000,2.507432661E+000,2.022008212E-012
       718,1.198832633E+000,2.507510879E+000,3.602217266E-013
       719,1.099043432E+000,2.506640012E+000,5.950782537E-014
       720,9.987042814E-001,2.505233148E+000,8.983888090E-015
       721,8.979979220E-001,2.503541405E+000,1.209959354E-015
       722,7.970279041E-001,2.502029223E+000,1.465802427E-016
       723,6.959916854E-001,2.500813962E+000,1.550833781E-017
       724,5.951535193E-001,2.499932014E+000,1.408940666E-018
       725,5.821007845E-001,4.804984242E-001,1.821788299E-013
       726,6.823766207E-001,4.835196073E-001,5.188759036E-013
       727,7.832830625E-001,4.864939752E-001,7.427425103E-013
       728,8.847181273E-001,4.890803415E-001,8.512775445E-013
       729,9.865858259E-001,4.913835304E-001,9.564194055E-013
       730,1.088692515E+000,4.934059466E-001,1.202604964E-012
       731,1.190810860E+000,4.951187272E-001,1.955767796E-012
       732,1.292766608E+000,4.964857628E-001,4.089022957E-012
       733,1.394454749E+000,4.975129374E-001,1.016737129E-011
       734,1.495839571E+000,4.982557056E-001,2.766190575E-011
       735,1.596933604E+000,4.987834422E-001,7.810370406E-011
       736,1.697774282E+000,4.991576291E-001,2.228301293E-010
       737,1.798407745E+000,4.994245854E-001,6.302400268E-010
       738,1.898879412E+000,4.996158142E-001,1.745969702E-009
       739,1.999229664E+000,4.997517617E-001,4.675075882E-009
       740,2.099493443E+000,4.998460121E-001,1.199039446E-008
       741,2.199701539E+000,4.999078730E-001,2.934030086E-008
       742,2.299881683E+000,4.999427962E-001,6.843814759E-008
       743,2.400057741E+000,4.999503894E-001,1.523344082E-007
       744,2.500245790E+000,4.999209513E-001,3.244340121E-007
       745,2.600447575E+000,4.998341950E-001,6.649213447E-007
       746,2.700642640E+000,4.996686296E-001,1.322605613E-006
       747,2.800789031E+000,4.994365400E-001,2.573399797E-006
       748,2.900845281E+000,4.992175512E-001,4.944292414E-006
       749,3.000805378E+000,4.990824291E-001,9.477808817E-006
       750,3.100712159E+000,4.990825043E-001,1.830690599E-005
       751,3.200616247E+000,4.991742571E-001,3.582179488E-005
       752,3.300541771E+000,4.992926825E-001,7.088454004E-005
       753,3.400480222E+000,4.993837371E-001,1.413260034E-004
       754,5.920437914E-001,2.402158251E+000,2.029812715E-017
       755,5.880875699E-001,2.307030912E+000,2.129809686E-016
       756,5.836352786E-001,2.214977188E+000,2.237479035E-015
       757,5.792364601E-001,2.125956288E+000,5.583917660E-014
       758,5.752280663E-001,2.039664998E+000,2.559756226E-011
       759,5.717299885E-001,1.955342293E+000,1.712813535E-008
       760,5.686036130E-001,1.872514123E+000,1.152944606E-005
       761,5.652159254E-001,1.790571022E+000,9.630251676E-003
       762,6.567486923E-001,1.786687056E+000,1.920947991E-002
       763,7.389367907E-001,1.691782632E+000,8.686348796E-002
       764,7.497080361E-001,1.779343738E+000,3.005200066E-002
       765,7.240660571E-001,1.604907474E+000,1.277606189E-001
       766,7.044695678E-001,1.519917308E+000,1.244241446E-001
       767,6.804592095E-001,1.437487702E+000,1.004993543E-001
       768,6.534224204E-001,1.357523416E+000,7.280225307E-002
       769,6.250620927E-001,1.279171790E+000,4.453394562E-002
       770,5.963488369E-001,1.201239925E+000,2.003696375E-002
       771,5.668911169E-001,1.124100832E+000,4.859188106E-003
       772,5.348940952E-001,1.052713169E+000,1.163005218E-004
       773,4.993076819E-001,1.002383466E+000,8.457010381E-007
       774,5.257497694E-001,9.431393563E-001,2.656579170E-007
       775,5.447173003E-001,8.594994798E-001,6.680149056E-008
       776,5.579341436E-001,7.676077030E-001,7.478800690E-009
       777,5.678244576E-001,6.729343771E-001,3.357514267E-010
       778,5.756682011E-001,5.770016568E-001,8.693819969E-012
       779,3.400467202E+000,5.999479345E-001,5.051885382E-004
       780,3.400534518E+000,7.009095026E-001,1.487054513E-003
       781,3.400805774E+000,8.022327977E-001,3.619175404E-003
       782,3.401472432E+000,9.037390099E-001,7.267307490E-003
       783,3.402781742E+000,1.005138189E+000,1.262103952E-002
       784,3.404883966E+000,1.106022521E+000,2.188266814E-002
       785,3.407615537E+000,1.205998455E+000,3.997625783E-002
       786,3.410379473E+000,1.304865197E+000,6.633904576E-002
       787,3.412382381E+000,1.402763596E+000,9.228805453E-002
       788,3.413053131E+000,1.500161160E+000,1.102805063E-001
       789,3.412306418E+000,1.597663302E+000,1.082472205E-001
       790,3.410505089E+000,1.695778908E+000,8.162313700E-002
       791,3.408203765E+000,1.794778996E+000,4.600487277E-002
       792,3.405893121E+000,1.894688725E+000,2.292315103E-002
       793,3.403939189E+000,1.995322746E+000,1.523646805E-002
       794,3.402506340E+000,2.096415608E+000,1.090923045E-002
       795,3.401584832E+000,2.197657048E+000,6.664343178E-003
       796,3.401055747E+000,2.298792615E+000,3.297586227E-003
       797,3.400772500E+000,2.399661857E+000,1.309966086E-003
       798,3.300801822E+000,2.399702738E+000,7.843173807E-004
       799,3.200831211E+000,2.399756582E+000,4.758303985E-004
       800,3.100836498E+000,2.399813502E+000,2.906616719E-004
       801,3.000799137E+000,2.399860893E+000,1.767269132E-004
       802,2.900709629E+000,2.399910157E+000,1.058594571E-004
       803,2.800577208E+000,2.399955136E+000,6.204035162E-005
       804,2.700410221E+000,2.399998818E+000,3.537514203E-005
       805,2.600211704E+000,2.400048691E+000,1.953267383E-005
       806,2.499977746E+000,2.400122402E+000,1.039624476E-005
       807,2.399700914E+000,2.400239340E+000,5.308065738E-006
       808,2.299370970E+000,2.400407058E+000,2.587135214E-006
       809,2.198971136E+000,2.400618214E+000,1.199493454E-006
       810,2.098478809E+000,2.400863814E+000,5.287301974E-007
       811,1.997879222E+000,2.401156978E+000,2.221904225E-007
       812,1.897190470E+000,2.401556249E+000,8.927051454E-008
       813,1.796487728E+000,2.402173232E+000,3.413803285E-008
       814,1.695901406E+000,2.403137525E+000,1.219633372E-008
       815,1.595585490E+000,2.404495090E+000,3.931657222E-009
       816,1.495617162E+000,2.406085849E+000,1.082899992E-009
       817,1.395854907E+000,2.407535420E+000,2.354695050E-010
       818,1.296065554E+000,2.408532103E+000,3.799370887E-011
       819,1.196013066E+000,2.408770507E+000,6.531246897E-012
       820,1.095611004E+000,2.408258493E+000,1.099576701E-012
       821,9.949599807E-001,2.407231130E+000,1.629873808E-013
       822,8.941264795E-001,2.406054355E+000,2.088745470E-014
       823,7.932383729E-001,2.404916431E+000,2.358155607E-015
       824,6.924434958E-001,2.403807585E+000,2.252766709E-016
       825,6.756757024E-001,5.812065495E-001,2.115974410E-011
       826,7.768701914E-001,5.846208889E-001,2.515136883E-011
       827,8.789082934E-001,5.872736859E-001,2.583564092E-011
       828,9.814973399E-001,5.895179397E-001,2.687743084E-011
       829,1.084353562E+000,5.915944441E-001,3.293862058E-011
       830,1.187236285E+000,5.935180537E-001,9.747395946E-011
       831,1.289908631E+000,5.951631206E-001,3.373763491E-010
       832,1.392217357E+000,5.964619440E-001,8.079419911E-010
       833,1.494110771E+000,5.974403025E-001,1.493264845E-009
       834,1.595608570E+000,5.981617022E-001,2.534652044E-009
       835,1.696765196E+000,5.986908766E-001,4.548069477E-009
       836,1.797645264E+000,5.990802095E-001,9.233136034E-009
       837,1.898310789E+000,5.993674126E-001,2.079453942E-008
       838,1.998816375E+000,5.995781110E-001,4.897848527E-008
       839,2.099208779E+000,5.997293419E-001,1.149851698E-007
       840,2.199527769E+000,5.998321470E-001,2.620960800E-007
       841,2.299806268E+000,5.998923346E-001,5.735886930E-007
       842,2.400067922E+000,5.999089163E-001,1.201938176E-006
       843,2.500322345E+000,5.998728220E-001,2.419572866E-006
       844,2.600559897E+000,5.997717698E-001,4.707685093E-006
       845,2.700754063E+000,5.996291034E-001,8.876360880E-006
       846,2.800872681E+000,5.995154709E-001,1.626821904E-005
       847,2.900897726E+000,5.994689199E-001,2.911829506E-005
       848,3.000846470E+000,5.995356062E-001,5.130963473E-005
       849,3.100752881E+000,5.996825017E-001,8.993756637E-005
       850,3.200653766E+000,5.998549175E-001,1.581935066E-004
       851,3.300561076E+000,5.999798403E-001,2.811862505E-004
       852,6.626087982E-001,1.870607421E+000,7.950867293E-004
       853,7.573250056E-001,1.865946140E+000,3.628901439E-003
       854,8.431920659E-001,1.768592592E+000,4.087682068E-002
       855,8.527694534E-001,1.858690981E+000,8.416128345E-003
       856,8.303537571E-001,1.678406001E+000,9.416808933E-002
       857,8.133360819E-001,1.589038395E+000,1.264552623E-001
       858,7.919269313E-001,1.502011777E+000,1.194578111E-001
       859,7.670307856E-001,1.417376918E+000,9.434801340E-002
       860,7.402707660E-001,1.335412233E+000,6.611835212E-002
       861,7.133331719E-001,1.254730328E+000,3.847669065E-002
       862,6.867401335E-001,1.173066833E+000,1.616765559E-002
       863,6.588886365E-001,1.086924055E+000,3.736447776E-003
       864,6.214421636E-001,9.865507840E-001,6.227932317E-005
       865,6.444440195E-001,8.746585305E-001,1.713770672E-007
       866,6.577197144E-001,7.752320174E-001,1.551283191E-008
       867,6.676033327E-001,6.780958368E-001,6.904509187E-010
       868,6.881441742E-001,2.308954454E+000,2.755280228E-015
       869,6.830811214E-001,2.217138442E+000,3.601673538E-014
       870,6.778304623E-001,2.128126324E+000,5.202744052E-012
       871,6.727057237E-001,2.041069000E+000,1.585363618E-009
       872,6.677142549E-001,1.955156291E+000,8.100786317E-007
       873,3.300659608E+000,7.010183498E-001,9.143035859E-004
       874,3.300978412E+000,8.024634263E-001,2.441933844E-003
       875,3.301747813E+000,9.041335527E-001,5.337783135E-003
       876,3.303218717E+000,1.005668358E+000,1.013085991E-002
       877,3.305541729E+000,1.106629174E+000,1.956276037E-002
       878,3.308504117E+000,1.206575702E+000,3.854310140E-002
       879,3.311473415E+000,1.305294059E+000,6.574328989E-002
       880,3.313621545E+000,1.402950670E+000,9.217160940E-002
       881,3.314352230E+000,1.500075352E+000,1.103299558E-001
       882,3.313573349E+000,1.597336973E+000,1.081767902E-001
       883,3.311636315E+000,1.695297845E+000,8.104007691E-002
       884,3.309087284E+000,1.794255293E+000,4.419285804E-002
       885,3.306524837E+000,1.894214002E+000,2.003929392E-002
       886,3.304365110E+000,1.994977041E+000,1.218277868E-002
       887,3.302789626E+000,2.096205244E+000,8.221923374E-003
       888,3.301769029E+000,2.197550477E+000,4.703330807E-003
       889,3.301167835E+000,2.298737142E+000,2.155910479E-003
       890,3.201178432E+000,2.298764407E+000,1.414344180E-003
       891,3.101148166E+000,2.298857213E+000,9.257877246E-004
       892,3.001051741E+000,2.299018947E+000,5.998977576E-004
       893,2.900892853E+000,2.299219898E+000,3.821854189E-004
       894,2.800675270E+000,2.299446622E+000,2.381983068E-004
       895,2.700411426E+000,2.299671983E+000,1.446139213E-004
       896,2.600101600E+000,2.299898834E+000,8.517446986E-005
       897,2.499744635E+000,2.300146887E+000,4.847995660E-005
       898,2.399341688E+000,2.300440442E+000,2.656391734E-005
       899,2.298892044E+000,2.300787791E+000,1.396329208E-005
       900,2.198385417E+000,2.301177271E+000,7.032669600E-006
       901,2.097803433E+000,2.301596652E+000,3.403191158E-006
       902,1.997135605E+000,2.302061106E+000,1.594548621E-006
       903,1.896399749E+000,2.302633728E+000,7.324094327E-007
       904,1.795643253E+000,2.303421741E+000,3.350894531E-007
       905,1.694928728E+000,2.304510471E+000,1.546153214E-007
       906,1.594303166E+000,2.305896988E+000,7.122855550E-008
       907,1.493711123E+000,2.307402114E+000,3.126259074E-008
       908,1.393040730E+000,2.308852656E+000,1.171580344E-008
       909,1.292204937E+000,2.310050009E+000,3.080872446E-009
       910,1.191248142E+000,2.310775452E+000,4.456867653E-010
       911,1.090318126E+000,2.311075222E+000,8.010874603E-011
       912,9.894757006E-001,2.311092542E+000,1.030772256E-011
       913,8.887742720E-001,2.310943868E+000,5.020738599E-013
       914,7.882481099E-001,2.310507545E+000,3.264418222E-014
       915,7.694020267E-001,6.818114947E-001,7.034026694E-010
       916,8.722025622E-001,6.841884914E-001,7.160901316E-010
       917,9.754625443E-001,6.861997090E-001,7.327666252E-010
       918,1.079006596E+000,6.884111419E-001,1.744768552E-009
       919,1.182666272E+000,6.907924976E-001,1.448987241E-008
       920,1.286140153E+000,6.929960559E-001,5.748244547E-008
       921,1.389203210E+000,6.948253847E-001,1.336518523E-007
       922,1.491754849E+000,6.962362168E-001,2.263128778E-007
       923,1.593796666E+000,6.972839184E-001,3.188254141E-007
       924,1.695387215E+000,6.980512329E-001,4.071750652E-007
       925,1.796606646E+000,6.986135110E-001,5.034104333E-007
       926,1.897536545E+000,6.990284067E-001,6.404676469E-007
       927,1.998251006E+000,6.993359511E-001,8.864361689E-007
       928,2.098813407E+000,6.995614575E-001,1.375171109E-006
       929,2.199274833E+000,6.997189583E-001,2.359914788E-006
       930,2.299671717E+000,6.998137119E-001,4.299083685E-006
       931,2.400022337E+000,6.998452437E-001,7.997792636E-006
       932,2.500325671E+000,6.998168916E-001,1.483009601E-005
       933,2.600571094E+000,6.997866460E-001,2.695334479E-005
       934,2.700751679E+000,6.998570453E-001,4.756342605E-005
       935,2.800860697E+000,7.000215533E-001,8.132099174E-005
       936,2.900912658E+000,7.002793797E-001,1.352043619E-004
       937,3.000909224E+000,7.005662431E-001,2.200832241E-004
       938,3.100864539E+000,7.008379500E-001,3.536562726E-004
       939,3.200786186E+000,7.010293287E-001,5.668674712E-004
       940,7.826100235E-001,2.218356400E+000,2.463227972E-012
       941,7.764948166E-001,2.128500052E+000,5.318787633E-010
       942,7.702663821E-001,2.040112436E+000,3.454497346E-007
       943,7.639044373E-001,1.952479955E+000,9.251471056E-005
       944,8.606073947E-001,1.947560608E+000,5.733714206E-004
       945,9.493398842E-001,1.849186258E+000,1.407193113E-002
       946,9.583801970E-001,1.941011676E+000,1.631433610E-003
       947,9.382276554E-001,1.756722619E+000,5.053555965E-002
       948,9.236436965E-001,1.664280644E+000,9.950032830E-002
       949,9.047517022E-001,1.573291461E+000,1.247220561E-001
       950,8.819375334E-001,1.484520240E+000,1.147250980E-001
       951,8.564668877E-001,1.398750547E+000,8.881027997E-002
       952,8.298905744E-001,1.315717558E+000,6.047196314E-002
       953,8.044366457E-001,1.234346923E+000,3.395230696E-002
       954,7.824780058E-001,1.152037078E+000,1.371472701E-002
       955,7.640532225E-001,1.065842194E+000,3.022130579E-003
       956,7.512281937E-001,9.728127613E-001,7.536356134E-005
       957,7.545212296E-001,8.750957828E-001,2.265847598E-007
       958,7.617290688E-001,7.781498906E-001,1.546916018E-008
       959,3.201131743E+000,8.025464370E-001,1.652874402E-003
       960,3.201952480E+000,9.043326203E-001,3.930621315E-003
       961,3.203552882E+000,1.006030045E+000,8.270559832E-003
       962,3.206073979E+000,1.107099206E+000,1.801166683E-002
       963,3.209311027E+000,1.207046485E+000,3.779767454E-002
       964,3.212555993E+000,1.305627125E+000,6.547853351E-002
       965,3.214899682E+000,1.403046295E+000,9.211312979E-002
       966,3.215672114E+000,1.499914873E+000,1.103641465E-001
       967,3.214796927E+000,1.596987992E+000,1.081623286E-001
       968,3.212588843E+000,1.694869620E+000,8.082916588E-002
       969,3.209742136E+000,1.793854262E+000,4.330923036E-002
       970,3.206933207E+000,1.893932795E+000,1.813431457E-002
       971,3.204618225E+000,1.994829092E+000,9.798303246E-003
       972,3.202949772E+000,2.096152316E+000,6.156342570E-003
       973,3.201873111E+000,2.197523329E+000,3.306382801E-003
       974,3.101788552E+000,2.197590973E+000,2.307504416E-003
       975,3.001601866E+000,2.197800384E+000,1.591777196E-003
       976,2.901305146E+000,2.198144049E+000,1.081163413E-003
       977,2.800925485E+000,2.198568381E+000,7.201414555E-004
       978,2.700473159E+000,2.199054440E+000,4.686376487E-004
       979,2.599958885E+000,2.199578396E+000,2.969828201E-004
       980,2.499398084E+000,2.200134437E+000,1.828759123E-004
       981,2.398814612E+000,2.200736535E+000,1.093533865E-004
       982,2.298220109E+000,2.201376556E+000,6.369334733E-005
       983,2.197603748E+000,2.202031440E+000,3.648966958E-005
       984,2.096938951E+000,2.202690762E+000,2.095138370E-005
       985,1.996201420E+000,2.203382839E+000,1.236211847E-005
       986,1.895372367E+000,2.204184192E+000,7.673359505E-006
       987,1.794393457E+000,2.205145911E+000,5.059730029E-006
       988,1.693274251E+000,2.206319194E+000,3.519836127E-006
       989,1.591963871E+000,2.207641682E+000,2.510318836E-006
       990,1.490389961E+000,2.209095609E+000,1.750211936E-006
       991,1.388507594E+000,2.210640627E+000,1.129412112E-006
       992,1.286508969E+000,2.212255818E+000,6.126831522E-007
       993,1.184711591E+000,2.213874011E+000,2.543064852E-007
       994,1.083430817E+000,2.215494517E+000,7.141277791E-008
       995,9.826610491E-001,2.217011049E+000,9.095841413E-009
       996,8.823378077E-001,2.218282819E+000,1.584952863E-010
       997,8.656799428E-001,7.794819429E-001,1.566298913E-008
       998,9.694190948E-001,7.808410745E-001,1.606195710E-008
       999,1.073264101E+000,7.831598801E-001,1.599870814E-007
      1000,1.177348276E+000,7.863163333E-001,1.186681288E-006
      1001,1.281460601E+000,7.895430135E-001,3.825164185E-006
      1002,1.385284939E+000,7.923267637E-001,7.751118574E-006
      1003,1.488607872E+000,7.944933913E-001,1.200203224E-005
      1004,1.591346359E+000,7.960796929E-001,1.578524279E-005
      1005,1.693519975E+000,7.972101970E-001,1.881798198E-005
      1006,1.795204355E+000,7.980134083E-001,2.123207560E-005
      1007,1.896495700E+000,7.985918663E-001,2.334357123E-005
      1008,1.997490412E+000,7.990171366E-001,2.557110020E-005
      1009,2.098273377E+000,7.993322687E-001,2.852696343E-005
      1010,2.198909360E+000,7.995568294E-001,3.332399865E-005
      1011,2.299436363E+000,7.996967959E-001,4.210072802E-005
      1012,2.399869161E+000,7.997701252E-001,5.853650509E-005
      1013,2.500212543E+000,7.998702881E-001,8.791266737E-005
      1014,2.600493987E+000,8.001541505E-001,1.369196252E-004
      1015,2.700719517E+000,8.006109715E-001,2.140850120E-004
      1016,2.800927250E+000,8.011727639E-001,3.309165768E-004
      1017,2.901098699E+000,8.017148137E-001,5.036126240E-004
      1018,3.001212920E+000,8.021687573E-001,7.553072646E-004
      1019,3.101242390E+000,8.024742001E-001,1.120051369E-003
      1020,8.754376963E-001,2.127023971E+000,1.572036723E-007
      1021,8.681740183E-001,2.036791321E+000,1.439897733E-005
      1022,9.670010584E-001,2.032246139E+000,7.693411317E-005
      1023,1.058037452E+000,1.933709872E+000,3.153603058E-003
      1024,1.067036556E+000,2.027277695E+000,2.122417209E-004
      1025,1.048047322E+000,1.839532219E+000,1.982872002E-002
      1026,1.035618628E+000,1.744846537E+000,5.870238319E-002
      1027,1.019304182E+000,1.650342926E+000,1.033147648E-001
      1028,9.984508457E-001,1.557472975E+000,1.226231158E-001
      1029,9.739632751E-001,1.467836039E+000,1.100572273E-001
      1030,9.478480145E-001,1.381066337E+000,8.351331204E-002
      1031,9.204702477E-001,1.297262664E+000,5.511659011E-002
      1032,8.946606375E-001,1.217259169E+000,3.027358651E-002
      1033,8.772077732E-001,1.137163347E+000,1.213739067E-002
      1034,8.656694089E-001,1.053669896E+000,2.570652869E-003
      1035,8.599641374E-001,9.654446354E-001,7.063680096E-005
      1036,8.611446186E-001,8.732854998E-001,2.817110385E-007
      1037,3.102068515E+000,9.043448306E-001,2.906858455E-003
      1038,3.103721057E+000,1.006163985E+000,6.913429592E-003
      1039,3.106435496E+000,1.107351781E+000,1.705213450E-002
      1040,3.109960003E+000,1.207325275E+000,3.750708327E-002
      1041,3.113495017E+000,1.305791687E+000,6.538818032E-002
      1042,3.115939996E+000,1.403013602E+000,9.207196534E-002
      1043,3.116697679E+000,1.499699185E+000,1.103850156E-001
      1044,3.115604626E+000,1.596670636E+000,1.081771329E-001
      1045,3.113095652E+000,1.694552605E+000,8.083329350E-002
      1046,3.109979662E+000,1.793650074E+000,4.304807633E-002
      1047,3.107012474E+000,1.893872268E+000,1.696216874E-002
      1048,3.104626529E+000,1.994878746E+000,7.958855480E-003
      1049,3.102942889E+000,2.096225538E+000,4.577818792E-003
      1050,3.002654502E+000,2.096388231E+000,3.377367277E-003
      1051,2.902187763E+000,2.096765795E+000,2.472157823E-003
      1052,2.801560558E+000,2.097369199E+000,1.795085380E-003
      1053,2.700794000E+000,2.098166038E+000,1.291330322E-003
      1054,2.599923668E+000,2.099088910E+000,9.201579378E-004
      1055,2.499025885E+000,2.100105233E+000,6.509101950E-004
      1056,2.398168531E+000,2.101168233E+000,4.598708474E-004
      1057,2.297378207E+000,2.102226890E+000,3.281580575E-004
      1058,2.196628909E+000,2.103236616E+000,2.401080419E-004
      1059,2.095860379E+000,2.104197540E+000,1.821647747E-004
      1060,1.994998398E+000,2.105171503E+000,1.434855512E-004
      1061,1.893869286E+000,2.106183928E+000,1.166289148E-004
      1062,1.792422072E+000,2.107280583E+000,9.782767302E-005
      1063,1.690595688E+000,2.108393086E+000,8.423339750E-005
      1064,1.588350793E+000,2.109647903E+000,7.275880489E-005
      1065,1.485593793E+000,2.111075389E+000,6.111528637E-005
      1066,1.382493254E+000,2.112880388E+000,4.710585563E-005
      1067,1.279482289E+000,2.115216295E+000,3.078555164E-005
      1068,1.177036693E+000,2.118005104E+000,1.614877146E-005
      1069,1.075630484E+000,2.121172561E+000,6.449345619E-006
      1070,9.751401688E-001,2.124337463E+000,1.622381433E-006
      1071,9.647845788E-001,8.730428567E-001,3.454589432E-007
      1072,1.067900205E+000,8.752250218E-001,9.873187992E-006
      1073,1.171495140E+000,8.796516814E-001,4.544045078E-005
      1074,1.275806808E+000,8.845189075E-001,1.091213926E-004
      1075,1.380303010E+000,8.888095123E-001,1.860316697E-004
      1076,1.484487356E+000,8.921390379E-001,2.592164092E-004
      1077,1.588082847E+000,8.945290827E-001,3.184129600E-004
      1078,1.691015463E+000,8.961672917E-001,3.623035445E-004
      1079,1.793319819E+000,8.972846317E-001,3.941014002E-004
      1080,1.895094039E+000,8.980621494E-001,4.176886869E-004
      1081,1.996456218E+000,8.986236779E-001,4.359199374E-004
      1082,2.097515970E+000,8.990407887E-001,4.511939769E-004
      1083,2.198354924E+000,8.993456496E-001,4.678855184E-004
      1084,2.299028351E+000,8.995740262E-001,4.946240806E-004
      1085,2.399574736E+000,8.998379182E-001,5.440007080E-004
      1086,2.500063879E+000,9.003169920E-001,6.288192817E-004
      1087,2.600512436E+000,9.010695690E-001,7.606607396E-004
      1088,2.700976455E+000,9.019776308E-001,9.537531878E-004
      1089,2.801437092E+000,9.028667930E-001,1.229790854E-003
      1090,2.901835701E+000,9.035969073E-001,1.620125840E-003
      1091,3.002087737E+000,9.041018570E-001,2.162089106E-003
      1092,1.168747171E+000,2.022560427E+000,4.170566972E-004
      1093,1.159696588E+000,1.926919536E+000,4.948160611E-003
      1094,1.149183788E+000,1.830562541E+000,2.526041120E-002
      1095,1.135792912E+000,1.733373638E+000,6.551016867E-002
      1096,1.117848254E+000,1.635992446E+000,1.059358343E-001
      1097,1.094334301E+000,1.540764553E+000,1.199971214E-001
      1098,1.066521548E+000,1.450894912E+000,1.051880196E-001
      1099,1.041024555E+000,1.362950491E+000,7.830581814E-002
      1100,1.011734443E+000,1.276374633E+000,4.884863272E-002
      1101,9.782447509E-001,1.201322286E+000,2.669947781E-002
      1102,9.675925833E-001,1.127178369E+000,1.163036004E-002
      1103,9.632576376E-001,1.047489271E+000,2.414718736E-003
      1104,9.627497119E-001,9.622821522E-001,6.969848619E-005
      1105,3.003735549E+000,1.005989385E+000,5.944060627E-003
      1106,3.006532131E+000,1.107279813E+000,1.649941877E-002
      1107,3.010215874E+000,1.207277555E+000,3.745536134E-002
      1108,3.013797573E+000,1.305680115E+000,6.535718590E-002
      1109,3.016228642E+000,1.402830208E+000,9.202899039E-002
      1110,3.016904400E+000,1.499484756E+000,1.103977412E-001
      1111,3.015580688E+000,1.596481370E+000,1.081960052E-001
      1112,3.012853043E+000,1.694490533E+000,8.090550452E-002
      1113,3.009635807E+000,1.793745357E+000,4.310030863E-002
      1114,3.006676862E+000,1.894085876E+000,1.627299376E-002
      1115,3.004358767E+000,1.995110808E+000,6.555726286E-003
      1116,1.063106020E+000,9.639594270E-001,3.141093184E-004
      1117,1.164710452E+000,9.706216544E-001,8.439338999E-004
      1118,1.268913781E+000,9.779441286E-001,1.449791016E-003
      1119,1.374110674E+000,9.843820346E-001,2.057520673E-003
      1120,1.479259892E+000,9.893187746E-001,2.574982587E-003
      1121,1.583874669E+000,9.927467051E-001,2.958489815E-003
      1122,1.687730501E+000,9.950289665E-001,3.222736763E-003
      1123,1.790802504E+000,9.965355231E-001,3.401827766E-003
      1124,1.893179595E+000,9.975487876E-001,3.524374915E-003
      1125,1.994997319E+000,9.982615561E-001,3.608334344E-003
      1126,2.096393261E+000,9.987881775E-001,3.666079370E-003
      1127,2.197490247E+000,9.992098856E-001,3.712949343E-003
      1128,2.298404550E+000,9.996474290E-001,3.770278301E-003
      1129,2.399257382E+000,1.000268484E+000,3.860133933E-003
      1130,2.500112427E+000,1.001198710E+000,3.993488383E-003
      1131,2.601020528E+000,1.002363072E+000,4.173147958E-003
      1132,2.701970927E+000,1.003572769E+000,4.413464107E-003
      1133,2.802860067E+000,1.004630459E+000,4.760740325E-003
      1134,2.903547236E+000,1.005426637E+000,5.256164819E-003
      1135,2.903741643E+000,1.995430024E+000,5.490772426E-003
      1136,2.802816210E+000,1.996140217E+000,4.681342747E-003
      1137,2.701600786E+000,1.997222703E+000,4.041629843E-003
      1138,2.600208622E+000,1.998609184E+000,3.499596613E-003
      1139,2.498808651E+000,2.000177223E+000,3.025581129E-003
      1140,2.397542211E+000,2.001809527E+000,2.615974983E-003
      1141,2.296464738E+000,2.003359435E+000,2.275126521E-003
      1142,2.195511097E+000,2.004764981E+000,1.998759806E-003
      1143,2.094554987E+000,2.006057587E+000,1.772958902E-003
      1144,1.993354156E+000,2.007290241E+000,1.584812533E-003
      1145,1.891723744E+000,2.008475037E+000,1.434510807E-003
      1146,1.789559576E+000,2.009473808E+000,1.324469107E-003
      1147,1.686858128E+000,2.010438258E+000,1.243690727E-003
      1148,1.583533329E+000,2.011500761E+000,1.169914380E-003
      1149,1.479612139E+000,2.012928539E+000,1.069408027E-003
      1150,1.375448819E+000,2.015164757E+000,9.049435612E-004
      1151,1.271681393E+000,2.018461117E+000,6.689620786E-004
      1152,1.263019384E+000,1.921140332E+000,6.755616050E-003
      1153,1.252625489E+000,1.822666080E+000,2.991033159E-002
      1154,1.239185901E+000,1.722413496E+000,7.067957520E-002
      1155,1.220472398E+000,1.620303315E+000,1.069299430E-001
      1156,1.193032486E+000,1.519260871E+000,1.165950224E-001
      1157,1.155168472E+000,1.432853312E+000,1.008365825E-001
      1158,1.137097030E+000,1.345548874E+000,7.662061602E-002
      1159,1.112156287E+000,1.241429923E+000,4.039517790E-002
      1160,1.043083309E+000,1.184161665E+000,2.556627057E-002
      1161,1.051999344E+000,1.124221898E+000,1.483695395E-002
      1162,1.058317947E+000,1.048076955E+000,3.964460921E-003
      1163,2.906220665E+000,1.106734665E+000,1.617872715E-002
      1164,2.909743199E+000,1.206751748E+000,3.747209534E-002
      1165,2.913106769E+000,1.305229757E+000,6.530799717E-002
      1166,2.915472520E+000,1.402523606E+000,9.197518229E-002
      1167,2.915909842E+000,1.499359987E+000,1.104101613E-001
      1168,2.914406499E+000,1.596609086E+000,1.081926823E-001
      1169,2.911678259E+000,1.694866694E+000,8.091389388E-002
      1170,2.908627524E+000,1.794277339E+000,4.318534210E-002
      1171,2.905919968E+000,1.894624153E+000,1.584060304E-002
      1172,1.155876429E+000,1.059448638E+000,6.470591761E-003
      1173,1.260411827E+000,1.070255890E+000,8.461646736E-003
      1174,1.366575131E+000,1.079486802E+000,1.049902383E-002
      1175,1.472905437E+000,1.086397598E+000,1.211124472E-002
      1176,1.578688412E+000,1.091105931E+000,1.322196517E-002
      1177,1.683594793E+000,1.094168501E+000,1.394580863E-002
      1178,1.787546441E+000,1.096132870E+000,1.441386528E-002
      1179,1.890620557E+000,1.097406978E+000,1.472051442E-002
      1180,1.992972826E+000,1.098269591E+000,1.492498722E-002
      1181,2.094785804E+000,1.098904004E+000,1.506859437E-002
      1182,2.196282976E+000,1.099470014E+000,1.518596709E-002
      1183,2.297652844E+000,1.100132847E+000,1.530647092E-002
      1184,2.399072349E+000,1.101025300E+000,1.544141490E-002
      1185,2.500618053E+000,1.102183675E+000,1.557476167E-002
      1186,2.602295272E+000,1.103465339E+000,1.568368636E-002
      1187,2.703938743E+000,1.104682102E+000,1.579631492E-002
      1188,2.805389522E+000,1.105702276E+000,1.595923305E-002
      1189,2.804716766E+000,1.895341444E+000,1.548594050E-002
      1190,2.703007386E+000,1.896641765E+000,1.509253494E-002
      1191,2.600980778E+000,1.898420838E+000,1.456437446E-002
      1192,2.498918627E+000,1.900515818E+000,1.387701463E-002
      1193,2.397106045E+000,1.902630990E+000,1.311433036E-002
      1194,2.295604601E+000,1.904580196E+000,1.235658675E-002
      1195,2.194309927E+000,1.906319050E+000,1.163723785E-002
      1196,2.092965644E+000,1.907909216E+000,1.096680854E-002
      1197,1.991254087E+000,1.909338975E+000,1.037407760E-002
      1198,1.888944929E+000,1.910430537E+000,9.911492467E-003
      1199,1.785971901E+000,1.911185754E+000,9.604081511E-003
      1200,1.682286456E+000,1.911771601E+000,9.413091466E-003
      1201,1.577828917E+000,1.912508790E+000,9.231887758E-003
      1202,1.472740572E+000,1.913936135E+000,8.879999630E-003
      1203,1.367452301E+000,1.916683170E+000,8.128512651E-003
      1204,2.808442601E+000,1.205796476E+000,3.745005652E-002
      1205,2.811490951E+000,1.304528573E+000,6.521025300E-002
      1206,2.813404820E+000,1.402206277E+000,9.192218632E-002
      1207,2.813524117E+000,1.499529738E+000,1.104358733E-001
      1208,2.812002882E+000,1.597263659E+000,1.081490293E-001
      1209,2.809563672E+000,1.695854296E+000,8.074404299E-002
      1210,2.806977110E+000,1.795363295E+000,4.310165346E-002
      1211,1.141871121E+000,1.147543197E+000,1.978054829E-002
      1212,1.249864733E+000,1.162247274E+000,2.399600297E-002
      1213,1.357609010E+000,1.174805962E+000,2.871329151E-002
      1214,1.465448418E+000,1.184101977E+000,3.186345845E-002
      1215,1.572674767E+000,1.190269069E+000,3.383766115E-002
      1216,1.678791935E+000,1.194178206E+000,3.504915535E-002
      1217,1.783709195E+000,1.196611561E+000,3.578922525E-002
      1218,1.887538560E+000,1.198131930E+000,3.624114394E-002
      1219,1.990481259E+000,1.199098025E+000,3.651952744E-002
      1220,2.092831970E+000,1.199773303E+000,3.670410067E-002
      1221,2.194860564E+000,1.200357188E+000,3.685173020E-002
      1222,2.296873984E+000,1.201010970E+000,3.699687868E-002
      1223,2.399065143E+000,1.201841036E+000,3.714008629E-002
      1224,2.501508398E+000,1.202815626E+000,3.724953905E-002
      1225,2.604053418E+000,1.203797037E+000,3.731001914E-002
      1226,2.706485415E+000,1.204674323E+000,3.737486154E-002
      1227,2.704845640E+000,1.796730965E+000,4.276329279E-002
      1228,2.602162794E+000,1.798738009E+000,4.212040082E-002
      1229,2.499406734E+000,1.801053012E+000,4.119448736E-002
      1230,2.396948890E+000,1.803338749E+000,4.011482745E-002
      1231,2.294904437E+000,1.805457097E+000,3.898817673E-002
      1232,2.193108495E+000,1.807395632E+000,3.786845133E-002
      1233,2.091230133E+000,1.809125507E+000,3.681036085E-002
      1234,1.988907005E+000,1.810482848E+000,3.590667248E-002
      1235,1.885901715E+000,1.811305576E+000,3.525982425E-002
      1236,1.782094804E+000,1.811614169E+000,3.490690887E-002
      1237,1.677376452E+000,1.811694605E+000,3.472774848E-002
      1238,1.571709642E+000,1.812017765E+000,3.453039750E-002
      1239,1.465102123E+000,1.813310996E+000,3.405001014E-002
      1240,1.358083757E+000,1.816523238E+000,3.282912821E-002
      1241,2.708819572E+000,1.303793784E+000,6.509703398E-002
      1242,2.710111351E+000,1.402093709E+000,9.189402312E-002
      1243,2.709956874E+000,1.500151038E+000,1.104852930E-001
      1244,2.708614009E+000,1.598528889E+000,1.080628484E-001
      1245,2.706685026E+000,1.697516542E+000,8.034465462E-002
      1246,1.238290102E+000,1.254520006E+000,4.973302782E-002
      1247,1.346969252E+000,1.271309234E+000,5.623040721E-002
      1248,1.457049849E+000,1.283379548E+000,5.979324132E-002
      1249,1.566354489E+000,1.290929017E+000,6.202074885E-002
      1250,1.673945714E+000,1.295524944E+000,6.332416832E-002
      1251,1.779881510E+000,1.298305356E+000,6.407045573E-002
      1252,1.884455852E+000,1.299957170E+000,6.447978318E-002
      1253,1.988012967E+000,1.300909371E+000,6.468404830E-002
      1254,2.090897794E+000,1.301440544E+000,6.478168070E-002
      1255,2.193489896E+000,1.301785444E+000,6.484543532E-002
      1256,2.296131979E+000,1.302106011E+000,6.490655988E-002
      1257,2.399046655E+000,1.302490293E+000,6.496560574E-002
      1258,2.502236171E+000,1.302890932E+000,6.499865651E-002
      1259,2.605496195E+000,1.303230140E+000,6.502424926E-002
      1260,2.603517860E+000,1.699416297E+000,7.976752520E-002
      1261,2.500159709E+000,1.701548157E+000,7.905882597E-002
      1262,2.397106101E+000,1.703668787E+000,7.825792581E-002
      1263,2.294492435E+000,1.705681236E+000,7.742732763E-002
      1264,2.192146636E+000,1.707531081E+000,7.660838217E-002
      1265,2.089716922E+000,1.709088063E+000,7.585693151E-002
      1266,1.986829790E+000,1.710148158E+000,7.525227219E-002
      1267,1.883204599E+000,1.710555788E+000,7.486858219E-002
      1268,1.778622969E+000,1.710382263E+000,7.469534129E-002
      1269,1.672910492E+000,1.709883246E+000,7.461050153E-002
      1270,1.565727799E+000,1.709526364E+000,7.445842773E-002
      1271,1.456692953E+000,1.710140823E+000,7.403016090E-002
      1272,1.346375211E+000,1.713374799E+000,7.326107472E-002
      1273,2.606156723E+000,1.402256936E+000,9.190113842E-002
      1274,2.605813513E+000,1.501148069E+000,1.105622277E-001
      1275,2.604734391E+000,1.600240105E+000,1.079483330E-001
      1276,2.501016324E+000,1.601935702E+000,1.078271419E-001
      1277,2.397549009E+000,1.603609631E+000,1.076984331E-001
      1278,2.294500114E+000,1.605204269E+000,1.075594351E-001
      1279,2.191716671E+000,1.606642444E+000,1.074219123E-001
      1280,2.088865657E+000,1.607772979E+000,1.072968617E-001
      1281,1.985575623E+000,1.608395781E+000,1.071960330E-001
      1282,1.881507135E+000,1.608372009E+000,1.071361899E-001
      1283,1.776361629E+000,1.607689305E+000,1.071287468E-001
      1284,1.669695649E+000,1.606424601E+000,1.071825847E-001
      1285,1.560618446E+000,1.604759518E+000,1.072204858E-001
      1286,1.447805882E+000,1.603336844E+000,1.069250852E-001
      1287,1.330269062E+000,1.604401661E+000,1.067292020E-001
      1288,1.234587794E+000,1.343598114E+000,8.160733432E-002
      1289,1.333435119E+000,1.370476873E+000,8.672751486E-002
      1290,1.448171525E+000,1.385513348E+000,8.870445937E-002
      1291,1.560800052E+000,1.393597670E+000,9.051860124E-002
      1292,1.670104317E+000,1.398276739E+000,9.139529616E-002
      1293,1.776962230E+000,1.401036227E+000,9.184752405E-002
      1294,1.882145447E+000,1.402601844E+000,9.205868840E-002
      1295,1.986175774E+000,1.403362158E+000,9.212741256E-002
      1296,2.089472478E+000,1.403581971E+000,9.212612361E-002
      1297,2.192445728E+000,1.403481752E+000,9.209694713E-002
      1298,2.295459531E+000,1.403239064E+000,9.205535799E-002
      1299,2.398745354E+000,1.402939187E+000,9.200277925E-002
      1300,2.502263077E+000,1.402581701E+000,9.194347262E-002
      1301,2.501766722E+000,1.502251809E+000,1.106667966E-001
      1302,1.303087242E+000,1.479705071E+000,1.097056717E-001
      1303,1.225927713E+000,1.413756663E+000,9.965264797E-002
      1304,2.398167085E+000,1.503297178E+000,1.107885614E-001
      1305,2.294933192E+000,1.504270925E+000,1.109086424E-001
      1306,2.191930103E+000,1.505114891E+000,1.110155284E-001
      1307,2.088877079E+000,1.505702243E+000,1.110989526E-001
      1308,1.985419358E+000,1.505853100E+000,1.111442596E-001
      1309,1.881189524E+000,1.505399610E+000,1.111480594E-001
      1310,1.775775473E+000,1.504183313E+000,1.111270562E-001
      1311,1.668494788E+000,1.501984166E+000,1.110869646E-001
      1312,1.557877941E+000,1.498330275E+000,1.109818667E-001
      1313,1.440656343E+000,1.492484595E+000,1.106615737E-001
