nodenumber,    x-coordinate,    y-coordinate,            c2h6
         1,5.000000000E-003,1.495000000E+000,5.000000000E-001
         2,7.068731585E-002,1.508940903E+000,2.909805775E-001
         3,4.403980658E-002,1.551726335E+000,2.072025687E-001
         4,5.000000000E-003,1.505000000E+000,5.000000000E-001
         5,0.000000000E+000,1.401562500E+000,0.000000000E+000
         6,4.885011125E-002,1.420179041E+000,3.357988968E-002
         7,0.000000000E+000,1.308125000E+000,0.000000000E+000
         8,7.311745740E-002,1.332834160E+000,1.222510450E-002
         9,0.000000000E+000,1.214687500E+000,0.000000000E+000
        10,9.163935468E-002,1.233594264E+000,2.268265933E-003
        11,0.000000000E+000,1.121250000E+000,0.000000000E+000
        12,9.293068681E-002,1.130193112E+000,1.859761978E-004
        13,0.000000000E+000,1.027812500E+000,0.000000000E+000
        14,9.200790270E-002,1.032520923E+000,1.516409185E-007
        15,0.000000000E+000,9.343750000E-001,0.000000000E+000
        16,9.154873500E-002,9.374881323E-001,1.393864246E-009
        17,0.000000000E+000,8.409375000E-001,0.000000000E+000
        18,9.167399806E-002,8.433870407E-001,6.998020913E-011
        19,0.000000000E+000,7.475000000E-001,0.000000000E+000
        20,9.202744179E-002,7.495515556E-001,5.200659781E-012
        21,0.000000000E+000,6.540625000E-001,0.000000000E+000
        22,9.247372448E-002,6.558636677E-001,4.240732657E-013
        23,0.000000000E+000,5.606250000E-001,0.000000000E+000
        24,9.318908419E-002,5.623162447E-001,3.887652529E-014
        25,0.000000000E+000,4.671875000E-001,0.000000000E+000
        26,9.418217718E-002,4.688433463E-001,2.894912339E-015
        27,0.000000000E+000,3.737500000E-001,0.000000000E+000
        28,9.541534025E-002,3.753235534E-001,1.650349465E-016
        29,0.000000000E+000,2.803125000E-001,0.000000000E+000
        30,9.671003948E-002,2.816812100E-001,6.869434721E-018
        31,0.000000000E+000,1.868750000E-001,0.000000000E+000
        32,9.794447158E-002,1.878815348E-001,1.925095889E-019
        33,0.000000000E+000,9.343750000E-002,0.000000000E+000
        34,9.903156835E-002,9.396601986E-002,3.277377233E-021
        35,1.000000000E-001,0.000000000E+000,4.779954980E-023
        36,1.296169358E-001,1.544792676E+000,1.929827034E-001
        37,8.791972767E-002,1.609006182E+000,1.315907240E-001
        38,0.000000000E+000,1.604666667E+000,0.000000000E+000
        39,0.000000000E+000,1.704333333E+000,0.000000000E+000
        40,1.080148662E-001,1.444755429E+000,1.135668829E-001
        41,1.467218116E-001,1.365526554E+000,5.049494654E-002
        42,2.004344076E-001,1.258945830E+000,1.717452146E-002
        43,1.903731293E-001,1.134177214E+000,3.671342856E-004
        44,1.850594977E-001,1.033369404E+000,4.139555188E-007
        45,1.831936565E-001,9.384875433E-001,6.826823107E-009
        46,1.832964667E-001,8.449589326E-001,5.698236882E-010
        47,1.842018722E-001,7.514773118E-001,5.320641497E-011
        48,1.855417882E-001,6.579176590E-001,5.057249758E-012
        49,1.872827760E-001,5.643401717E-001,5.137534278E-013
        50,1.894343189E-001,4.707069784E-001,4.320336948E-014
        51,1.918078477E-001,3.769321486E-001,2.581737365E-015
        52,1.941776018E-001,2.829466657E-001,1.029170905E-016
        53,1.963314809E-001,1.887738361E-001,2.599092268E-018
        54,1.982661708E-001,9.442722923E-002,4.052351359E-020
        55,2.000000000E-001,0.000000000E+000,6.096805791E-022
        56,0.000000000E+000,2.900333333E+000,0.000000000E+000
        57,9.968951002E-002,2.900279686E+000,1.447536786E-024
        58,1.000000000E-001,3.000000000E+000,0.000000000E+000
        59,0.000000000E+000,2.800666667E+000,0.000000000E+000
        60,9.938784282E-002,2.800496682E+000,2.341052652E-022
        61,0.000000000E+000,2.701000000E+000,0.000000000E+000
        62,9.904535511E-002,2.700651168E+000,1.446670229E-020
        63,0.000000000E+000,2.601333333E+000,0.000000000E+000
        64,9.863369449E-002,2.600771921E+000,5.160778291E-019
        65,0.000000000E+000,2.501666667E+000,0.000000000E+000
        66,9.813047639E-002,2.500887636E+000,1.311891163E-017
        67,0.000000000E+000,2.402000000E+000,0.000000000E+000
        68,9.753055251E-002,2.401241585E+000,2.798645827E-016
        69,0.000000000E+000,2.302333333E+000,0.000000000E+000
        70,9.675921123E-002,2.301982994E+000,5.614567632E-015
        71,0.000000000E+000,2.202666667E+000,0.000000000E+000
        72,9.581920229E-002,2.203473636E+000,1.088595563E-013
        73,0.000000000E+000,2.103000000E+000,0.000000000E+000
        74,9.492835950E-002,2.105973350E+000,2.069131325E-012
        75,0.000000000E+000,2.003333333E+000,0.000000000E+000
        76,9.516299480E-002,2.010171472E+000,3.166756440E-011
        77,0.000000000E+000,1.903666667E+000,0.000000000E+000
        78,9.773096928E-002,1.916072999E+000,6.609447989E-010
        79,0.000000000E+000,1.804000000E+000,0.000000000E+000
        80,1.046013373E-001,1.823884243E+000,6.455131429E-010
        81,1.210841388E-001,1.734513284E+000,7.270408241E-005
        82,1.585703802E-001,1.651170293E+000,9.336210787E-002
        83,1.932784265E-001,1.581416991E+000,1.624116898E-001
        84,1.689688396E-001,1.480310834E+000,1.449865550E-001
        85,2.278424348E-001,1.518248758E+000,1.513842493E-001
        86,3.000000000E-001,0.000000000E+000,3.670109097E-021
        87,2.977260861E-001,9.484802243E-002,2.975366078E-019
        88,4.000000000E-001,0.000000000E+000,2.009230594E-020
        89,3.975684519E-001,9.514614137E-002,1.906073733E-018
        90,5.000000000E-001,0.000000000E+000,1.133378189E-019
        91,4.976510431E-001,9.537715493E-002,1.347074381E-017
        92,6.000000000E-001,0.000000000E+000,1.804136130E-018
        93,5.978152136E-001,9.558791154E-002,1.457253217E-016
        94,7.000000000E-001,0.000000000E+000,3.423419976E-017
        95,6.979197474E-001,9.590817765E-002,1.734658043E-015
        96,8.000000000E-001,0.000000000E+000,3.483154592E-016
        97,7.979717994E-001,9.642282942E-002,1.317863241E-014
        98,9.000000000E-001,0.000000000E+000,2.003748340E-015
        99,8.980519089E-001,9.710150517E-002,6.476750695E-014
       100,1.000000000E+000,0.000000000E+000,7.696802044E-015
       101,9.982132645E-001,9.782740336E-002,2.309831200E-013
       102,1.100000000E+000,0.000000000E+000,2.248886197E-014
       103,1.098453615E+000,9.848489320E-002,6.653763369E-013
       104,1.200000000E+000,0.000000000E+000,5.552249808E-014
       105,1.198737675E+000,9.900852077E-002,1.687553851E-012
       106,1.300000000E+000,0.000000000E+000,1.250181328E-013
       107,1.299024051E+000,9.938533769E-002,3.995988002E-012
       108,1.400000000E+000,0.000000000E+000,2.677129623E-013
       109,1.399281227E+000,9.963548423E-002,9.045551634E-012
       110,1.500000000E+000,0.000000000E+000,5.490670310E-013
       111,1.499492670E+000,9.979136044E-002,1.937647785E-011
       112,1.600000000E+000,0.000000000E+000,1.057525053E-012
       113,1.599654958E+000,9.988392508E-002,3.816783001E-011
       114,1.700000000E+000,0.000000000E+000,1.857915514E-012
       115,1.699772883E+000,9.993690568E-002,6.720971696E-011
       116,1.800000000E+000,0.000000000E+000,2.908092820E-012
       117,1.799854782E+000,9.996636617E-002,1.039223707E-010
       118,1.900000000E+000,0.000000000E+000,4.004198882E-012
       119,1.899909506E+000,9.998239816E-002,1.401647270E-010
       120,2.000000000E+000,0.000000000E+000,4.835435004E-012
       121,1.999944893E+000,9.999098639E-002,1.651787040E-010
       122,2.100000000E+000,0.000000000E+000,5.139953567E-012
       123,2.099967182E+000,9.999551215E-002,1.712495562E-010
       124,2.200000000E+000,0.000000000E+000,4.846116997E-012
       125,2.199981034E+000,9.999784248E-002,1.576963143E-010
       126,2.300000000E+000,0.000000000E+000,4.091634150E-012
       127,2.299989917E+000,9.999899015E-002,1.303607500E-010
       128,2.400000000E+000,0.000000000E+000,3.125207775E-012
       129,2.399996661E+000,9.999937915E-002,9.776884163E-011
       130,2.500000000E+000,0.000000000E+000,2.180675128E-012
       131,2.500004052E+000,9.999862817E-002,6.717797846E-011
       132,2.600000000E+000,0.000000000E+000,1.402295055E-012
       133,2.600015173E+000,9.999468687E-002,4.265201040E-011
       134,2.700000000E+000,0.000000000E+000,8.373800785E-013
       135,2.700033061E+000,9.998270116E-002,2.521059229E-011
       136,2.800000000E+000,0.000000000E+000,4.676472425E-013
       137,2.800059118E+000,9.995543823E-002,1.397486033E-011
       138,2.900000000E+000,0.000000000E+000,2.461924707E-013
       139,2.900091295E+000,9.990754210E-002,7.327824111E-012
       140,3.000000000E+000,0.000000000E+000,1.233636674E-013
       141,3.000124616E+000,9.984219836E-002,3.672715344E-012
       142,3.100000000E+000,0.000000000E+000,5.943920215E-014
       143,3.100155835E+000,9.977231454E-002,1.777901502E-012
       144,3.200000000E+000,0.000000000E+000,2.775951940E-014
       145,3.200188553E+000,9.970956414E-002,8.370318869E-013
       146,3.300000000E+000,0.000000000E+000,1.262745113E-014
       147,3.300226727E+000,9.965786037E-002,3.844245885E-013
       148,3.400000000E+000,0.000000000E+000,5.619388096E-015
       149,3.400265797E+000,9.961185986E-002,1.728790315E-013
       150,3.500000000E+000,0.000000000E+000,2.464415255E-015
       151,3.500291344E+000,9.958507260E-002,7.650373797E-014
       152,3.600000000E+000,0.000000000E+000,1.072477331E-015
       153,3.600285496E+000,9.958844769E-002,3.348255511E-014
       154,3.700000000E+000,0.000000000E+000,4.661644766E-016
       155,3.700246380E+000,9.963106929E-002,1.453623565E-014
       156,3.800000000E+000,0.000000000E+000,2.041756243E-016
       157,3.800187134E+000,9.970972574E-002,6.286620936E-015
       158,3.900000000E+000,0.000000000E+000,9.177762126E-017
       159,3.900100009E+000,9.983971998E-002,2.736563553E-015
       160,4.000000000E+000,1.000000000E-001,1.665228023E-015
       161,3.900000000E+000,3.000000000E+000,2.030645871E-015
       162,3.900094140E+000,2.900145918E+000,5.001137308E-014
       163,4.000000000E+000,2.900000000E+000,2.989983275E-014
       164,3.800000000E+000,3.000000000E+000,4.671913982E-015
       165,3.800157179E+000,2.900240848E+000,1.176078549E-013
       166,3.700000000E+000,3.000000000E+000,1.096833043E-014
       167,3.700202010E+000,2.900293312E+000,2.765962101E-013
       168,3.600000000E+000,3.000000000E+000,2.590191855E-014
       169,3.600225842E+000,2.900298548E+000,6.491187254E-013
       170,3.500000000E+000,3.000000000E+000,6.092991915E-014
       171,3.500225004E+000,2.900274724E+000,1.512089607E-012
       172,3.400000000E+000,3.000000000E+000,1.415104877E-013
       173,3.400201257E+000,2.900242942E+000,3.473654090E-012
       174,3.300000000E+000,3.000000000E+000,3.222535086E-013
       175,3.300167765E+000,2.900215022E+000,7.828551175E-012
       176,3.200000000E+000,3.000000000E+000,7.163928196E-013
       177,3.200138226E+000,2.900188571E+000,1.724946748E-011
       178,3.100000000E+000,3.000000000E+000,1.549911458E-012
       179,3.100116277E+000,2.900155914E+000,3.705273935E-011
       180,3.000000000E+000,3.000000000E+000,3.249497893E-012
       181,3.000097537E+000,2.900116914E+000,7.726019824E-011
       182,2.900000000E+000,3.000000000E+000,6.560161268E-012
       183,2.900078472E+000,2.900078738E+000,1.554125301E-010
       184,2.800000000E+000,3.000000000E+000,1.265674458E-011
       185,2.800059428E+000,2.900047992E+000,2.994103854E-010
       186,2.700000000E+000,3.000000000E+000,2.315603785E-011
       187,2.700042291E+000,2.900026822E+000,5.483624110E-010
       188,2.600000000E+000,3.000000000E+000,3.985960867E-011
       189,2.600028317E+000,2.900013927E+000,9.475692453E-010
       190,2.500000000E+000,3.000000000E+000,6.402386954E-011
       191,2.500017483E+000,2.900006812E+000,1.532613370E-009
       192,2.400000000E+000,3.000000000E+000,9.510452148E-011
       193,2.400008448E+000,2.900003261E+000,2.300102997E-009
       194,2.300000000E+000,3.000000000E+000,1.293892632E-010
       195,2.299998257E+000,2.900001860E+000,3.172560215E-009
       196,2.200000000E+000,3.000000000E+000,1.595916732E-010
       197,2.199981402E+000,2.900002095E+000,3.981010188E-009
       198,2.100000000E+000,3.000000000E+000,1.766468916E-010
       199,2.099948438E+000,2.900004756E+000,4.497255013E-009
       200,2.000000000E+000,3.000000000E+000,1.737516936E-010
       201,1.999885164E+000,2.900013839E+000,4.525868569E-009
       202,1.900000000E+000,3.000000000E+000,1.503733110E-010
       203,1.899774685E+000,2.900041533E+000,4.012083554E-009
       204,1.800000000E+000,3.000000000E+000,1.129816032E-010
       205,1.799606094E+000,2.900116818E+000,3.086076283E-009
       206,1.700000000E+000,3.000000000E+000,7.185679829E-011
       207,1.699391000E+000,2.900290082E+000,2.007126465E-009
       208,1.600000000E+000,3.000000000E+000,3.678809687E-011
       209,1.599182040E+000,2.900617639E+000,1.052651966E-009
       210,1.500000000E+000,3.000000000E+000,1.386573929E-011
       211,1.499084022E+000,2.901111762E+000,4.111310459E-010
       212,1.400000000E+000,3.000000000E+000,3.345200852E-012
       213,1.399221828E+000,2.901666142E+000,1.063259342E-010
       214,1.300000000E+000,3.000000000E+000,4.233465249E-013
       215,1.299616206E+000,2.902054052E+000,1.570472745E-011
       216,1.200000000E+000,3.000000000E+000,2.528212760E-014
       217,1.200111346E+000,2.902087791E+000,1.303579532E-012
       218,1.100000000E+000,3.000000000E+000,1.666721871E-015
       219,1.100503248E+000,2.901786895E+000,1.126545553E-013
       220,1.000000000E+000,3.000000000E+000,1.994430527E-016
       221,1.000688193E+000,2.901328335E+000,1.407983227E-014
       222,9.000000000E-001,3.000000000E+000,3.420993028E-017
       223,9.006712516E-001,2.900879493E+000,2.312526366E-015
       224,8.000000000E-001,3.000000000E+000,6.293730249E-018
       225,8.005026503E-001,2.900506436E+000,4.185786157E-016
       226,7.000000000E-001,3.000000000E+000,1.109778597E-018
       227,7.002303127E-001,2.900191369E+000,7.460917001E-017
       228,6.000000000E-001,3.000000000E+000,1.742703210E-019
       229,5.999199813E-001,2.899987133E+000,1.185189179E-017
       230,5.000000000E-001,3.000000000E+000,2.208844785E-020
       231,4.996321214E-001,2.899905558E+000,1.544068271E-018
       232,4.000000000E-001,3.000000000E+000,2.006304563E-021
       233,3.994465926E-001,2.899938034E+000,1.503766274E-019
       234,3.000000000E-001,3.000000000E+000,1.036405016E-022
       235,2.993973557E-001,2.900035214E+000,9.443908129E-021
       236,2.000000000E-001,3.000000000E+000,1.216128876E-024
       237,1.994911393E-001,2.900157643E+000,2.612797438E-022
       238,4.000000000E+000,2.000000000E-001,4.859024831E-014
       239,3.900168512E+000,1.997191324E-001,8.072986317E-014
       240,4.000000000E+000,3.000000000E-001,9.068078862E-013
       241,3.900176137E+000,2.996799739E-001,1.511949854E-012
       242,4.000000000E+000,4.000000000E-001,1.187848517E-011
       243,3.900150609E+000,3.997003350E-001,1.979336486E-011
       244,4.000000000E+000,5.000000000E-001,1.149155424E-010
       245,3.900115640E+000,4.997610660E-001,1.908121161E-010
       246,4.000000000E+000,6.000000000E-001,8.470678048E-010
       247,3.900084725E+000,5.998498549E-001,1.398478777E-009
       248,4.000000000E+000,7.000000000E-001,4.862198200E-009
       249,3.900065892E+000,6.999695734E-001,7.969106264E-009
       250,4.000000000E+000,8.000000000E-001,2.211630878E-008
       251,3.900072366E+000,8.001378625E-001,3.595308939E-008
       252,4.000000000E+000,9.000000000E-001,8.105917004E-008
       253,3.900141582E+000,9.003756823E-001,1.306558772E-007
       254,4.000000000E+000,1.000000000E+000,2.438074205E-007
       255,3.900345746E+000,1.000685629E+000,3.897094132E-007
       256,4.000000000E+000,1.100000000E+000,6.153248364E-007
       257,3.900770783E+000,1.101018099E+000,9.757812904E-007
       258,4.000000000E+000,1.200000000E+000,1.339021310E-006
       259,3.901447948E+000,1.201238583E+000,2.107180535E-006
       260,4.000000000E+000,1.300000000E+000,2.562495638E-006
       261,3.902256695E+000,1.301175284E+000,4.001868547E-006
       262,4.000000000E+000,1.400000000E+000,4.316984814E-006
       263,3.902915168E+000,1.400771367E+000,6.693770956E-006
       264,4.000000000E+000,1.500000000E+000,6.530418432E-006
       265,3.903163020E+000,1.500161864E+000,1.008094569E-005
       266,4.000000000E+000,1.600000000E+000,6.812791980E-006
       267,3.902944890E+000,1.599568169E+000,1.051430172E-005
       268,4.000000000E+000,1.700000000E+000,4.852885468E-006
       269,3.902400769E+000,1.699157935E+000,7.512741377E-006
       270,4.000000000E+000,1.800000000E+000,2.977652002E-006
       271,3.901743861E+000,1.798987992E+000,4.639834060E-006
       272,4.000000000E+000,1.900000000E+000,1.577952162E-006
       273,3.901146957E+000,1.899020051E+000,2.479036993E-006
       274,4.000000000E+000,2.000000000E+000,7.201709309E-007
       275,3.900693811E+000,1.999174306E+000,1.142287147E-006
       276,4.000000000E+000,2.100000000E+000,2.792689600E-007
       277,3.900393477E+000,2.099379111E+000,4.477200548E-007
       278,4.000000000E+000,2.200000000E+000,9.078055285E-008
       279,3.900219255E+000,2.199592353E+000,1.470622095E-007
       280,4.000000000E+000,2.300000000E+000,2.421924350E-008
       281,3.900138689E+000,2.299798657E+000,3.961696393E-008
       282,4.000000000E+000,2.400000000E+000,5.187722696E-009
       283,3.900123237E+000,2.399992767E+000,8.560373743E-009
       284,4.000000000E+000,2.500000000E+000,8.723756162E-010
       285,3.900148478E+000,2.500154266E+000,1.450118137E-009
       286,4.000000000E+000,2.600000000E+000,1.122067925E-010
       287,3.900177348E+000,2.600252070E+000,1.875696126E-010
       288,4.000000000E+000,2.700000000E+000,1.065967366E-011
       289,3.900179788E+000,2.700273570E+000,1.788512047E-011
       290,4.000000000E+000,2.800000000E+000,7.085090435E-013
       291,3.900142999E+000,2.800220634E+000,1.190374730E-012
       292,1.989544834E-001,2.800225521E+000,2.437915815E-020
       293,1.983301160E-001,2.700179011E+000,1.227917049E-018
       294,1.975242659E-001,2.600052021E+000,3.989919250E-017
       295,1.965348445E-001,2.500076192E+000,9.324219152E-016
       296,1.952726864E-001,2.400562325E+000,1.837387596E-014
       297,1.936789641E-001,2.302040329E+000,3.236082463E-013
       298,1.918102686E-001,2.204876022E+000,5.415963684E-012
       299,1.903864765E-001,2.109841308E+000,8.180517375E-011
       300,1.904630273E-001,2.017336676E+000,1.016675744E-009
       301,1.932809427E-001,1.927700161E+000,9.394564238E-009
       302,2.001266700E-001,1.840989260E+000,8.650525984E-008
       303,2.138484590E-001,1.758218824E+000,9.559651517E-005
       304,2.356730026E-001,1.680938499E+000,7.071167976E-002
       305,2.598258278E-001,1.612050579E+000,1.442336440E-001
       306,2.851072097E-001,1.551775920E+000,1.496800184E-001
       307,2.680671081E-001,1.460667307E+000,1.191042066E-001
       308,3.146932034E-001,1.501963189E+000,1.332905293E-001
       309,2.126271518E-001,1.413382573E+000,9.297738969E-002
       310,3.800294955E+000,1.995187540E-001,1.874049960E-013
       311,3.800318129E+000,2.994394692E-001,3.518906087E-012
       312,3.800285673E+000,3.994652047E-001,4.596801759E-011
       313,3.800229356E+000,4.995750532E-001,4.406165433E-010
       314,3.800177056E+000,5.997588881E-001,3.201837462E-009
       315,3.800148129E+000,7.000285440E-001,1.805117655E-008
       316,3.800178180E+000,8.004130925E-001,8.044629851E-008
       317,3.800346029E+000,9.009324383E-001,2.885121262E-007
       318,3.800783532E+000,1.001558527E+000,8.490479217E-007
       319,3.801634696E+000,1.102159751E+000,2.098266805E-006
       320,3.802928351E+000,1.202472447E+000,4.475006335E-006
       321,3.804407856E+000,1.302228971E+000,8.399795661E-006
       322,3.805566663E+000,1.401396519E+000,1.391436217E-005
       323,3.805979860E+000,1.500235599E+000,2.084662265E-005
       324,3.805571080E+000,1.599119429E+000,2.172966015E-005
       325,3.804582770E+000,1.698333682E+000,1.558795884E-005
       326,3.803381608E+000,1.797984280E+000,9.717590729E-006
       327,3.802272043E+000,1.898016882E+000,5.256490567E-006
       328,3.801411850E+000,1.998300248E+000,2.457793016E-006
       329,3.800830301E+000,2.098705180E+000,9.791824596E-007
       330,3.800487617E+000,2.199144147E+000,3.267086299E-007
       331,3.800323059E+000,2.299570989E+000,8.931157680E-008
       332,3.800280987E+000,2.399951537E+000,1.955744011E-008
       333,3.800301978E+000,2.500241966E+000,3.351323885E-009
       334,3.800326211E+000,2.600406121E+000,4.375727003E-010
       335,3.800317243E+000,2.700452944E+000,4.200201298E-011
       336,3.800252323E+000,2.800374452E+000,2.805284650E-012
       337,3.700341317E+000,2.800483805E+000,6.586346919E-012
       338,3.600389280E+000,2.800510333E+000,1.535960421E-011
       339,3.500392351E+000,2.800495685E+000,3.542696345E-011
       340,3.400359205E+000,2.800468784E+000,8.047405797E-011
       341,3.300315580E+000,2.800441832E+000,1.793883098E-010
       342,3.200281063E+000,2.800403189E+000,3.913753488E-010
       343,3.100254792E+000,2.800340963E+000,8.335852564E-010
       344,3.000225785E+000,2.800260286E+000,1.726251808E-009
       345,2.900189099E+000,2.800178890E+000,3.455677300E-009
       346,2.800148066E+000,2.800111748E+000,6.642373762E-009
       347,2.700108494E+000,2.800064260E+000,1.217446410E-008
       348,2.600074171E+000,2.800034475E+000,2.112507680E-008
       349,2.500045368E+000,2.800017682E+000,3.443799201E-008
       350,2.400018602E+000,2.800009581E+000,5.229872357E-008
       351,2.299986159E+000,2.800007507E+000,7.329656171E-008
       352,2.199934800E+000,2.800010550E+000,9.384138622E-008
       353,2.099844333E+000,2.800020512E+000,1.085820145E-007
       354,1.999688384E+000,2.800046238E+000,1.122743640E-007
       355,1.899441577E+000,2.800113724E+000,1.024491851E-007
       356,1.799097577E+000,2.800280023E+000,8.115240746E-008
       357,1.698696812E+000,2.800636301E+000,5.438091222E-008
       358,1.598353756E+000,2.801274903E+000,2.951780509E-008
       359,1.498263512E+000,2.802194112E+000,1.212000900E-008
       360,1.398607071E+000,2.803177601E+000,3.425603357E-009
       361,1.299354695E+000,2.803826859E+000,6.044069134E-010
       362,1.200229640E+000,2.803859703E+000,7.059199059E-011
       363,1.100916663E+000,2.803336266E+000,8.246601318E-012
       364,1.001242170E+000,2.802536790E+000,1.157152499E-012
       365,9.011834653E-001,2.801691649E+000,1.946435092E-013
       366,8.008136986E-001,2.800871949E+000,3.524847989E-014
       367,7.002697522E-001,2.800205300E+000,6.117614570E-015
       368,5.996536077E-001,2.799772996E+000,9.357532957E-016
       369,4.991255528E-001,2.799617695E+000,1.175922606E-016
       370,3.988115159E-001,2.799691885E+000,1.149589063E-017
       371,2.987647592E-001,2.799914860E+000,7.743019028E-019
       372,2.952133693E-001,1.895484178E-001,2.214523965E-017
       373,3.947602916E-001,1.902136405E-001,1.533603311E-016
       374,4.948308428E-001,1.907611336E-001,1.105448194E-015
       375,5.950785426E-001,1.913140166E-001,1.044996151E-014
       376,6.952880201E-001,1.920526773E-001,8.658455490E-014
       377,7.954649324E-001,1.931143867E-001,4.996426992E-013
       378,8.957253245E-001,1.944249152E-001,2.081886963E-012
       379,9.961347575E-001,1.957918355E-001,6.835121445E-012
       380,1.096676639E+000,1.970262753E-001,1.939529093E-011
       381,1.197285133E+000,1.980168880E-001,5.105577072E-011
       382,1.297886064E+000,1.987392829E-001,1.288945756E-010
       383,1.398423316E+000,1.992275849E-001,3.101902901E-010
       384,1.498867691E+000,1.995392246E-001,6.905037098E-010
       385,1.599213379E+000,1.997301560E-001,1.376016412E-009
       386,1.699469310E+000,1.998439921E-001,2.400107446E-009
       387,1.799651129E+000,1.999107963E-001,3.628294998E-009
       388,1.899775896E+000,1.999497386E-001,4.753728966E-009
       389,1.999859144E+000,1.999723292E-001,5.431879391E-009
       390,2.099913624E+000,1.999852589E-001,5.466003206E-009
       391,2.199949341E+000,1.999924509E-001,4.898485173E-009
       392,2.299974400E+000,1.999961548E-001,3.954476302E-009
       393,2.399996114E+000,1.999970988E-001,2.907033503E-009
       394,2.500021856E+000,1.999935195E-001,1.964956864E-009
       395,2.600058914E+000,1.999790854E-001,1.231516333E-009
       396,2.700112159E+000,1.999414498E-001,7.210448905E-010
       397,2.800179547E+000,1.998658628E-001,3.974337248E-010
       398,2.900249186E+000,1.997467961E-001,2.081464168E-010
       399,3.000304062E+000,1.996015400E-001,1.047136960E-010
       400,3.100338066E+000,1.994669422E-001,5.108137177E-011
       401,3.200365906E+000,1.993750014E-001,2.427614706E-011
       402,3.300402430E+000,1.993142676E-001,1.126414500E-011
       403,3.400442285E+000,1.992789458E-001,5.113969144E-012
       404,3.500459153E+000,1.992752982E-001,2.279968749E-012
       405,3.600433953E+000,1.993165608E-001,1.001149467E-012
       406,3.700365758E+000,1.994098198E-001,4.342966958E-013
       407,2.979507537E-001,2.699646570E+000,3.657520692E-017
       408,2.968600169E-001,2.599333105E+000,1.128670026E-015
       409,2.953960322E-001,2.499298667E+000,2.616504086E-014
       410,2.934737242E-001,2.400217570E+000,4.900408421E-013
       411,2.910611950E-001,2.302530436E+000,8.137874055E-012
       412,2.884597773E-001,2.206948533E+000,1.219545714E-010
       413,2.863530970E-001,2.114013061E+000,1.579029352E-009
       414,2.857670640E-001,2.024312647E+000,1.607035394E-008
       415,2.871243386E-001,1.937732913E+000,1.178648290E-007
       416,2.918748417E-001,1.854753668E+000,6.846522638E-007
       417,3.008688422E-001,1.775480331E+000,1.212034840E-004
       418,3.134836066E-001,1.700780352E+000,6.097082794E-002
       419,3.270287569E-001,1.632592199E+000,1.340228319E-001
       420,3.391260201E-001,1.574064210E+000,1.462884992E-001
       421,3.479658422E-001,1.531523284E+000,1.382305026E-001
       422,3.617348260E-001,1.466005782E+000,1.158505678E-001
       423,3.898576785E-001,1.517789152E+000,1.313935667E-001
       424,3.210895525E-001,1.410468387E+000,9.160038829E-002
       425,2.704922909E-001,1.346282069E+000,5.873443186E-002
       426,3.979633545E-001,2.699241739E+000,5.333403303E-016
       427,3.966680064E-001,2.598794777E+000,1.720088949E-014
       428,3.948224672E-001,2.498930934E+000,4.018796743E-013
       429,3.923318701E-001,2.400233005E+000,7.556431175E-012
       430,3.892601080E-001,2.303562673E+000,1.217192042E-010
       431,3.859809330E-001,2.209427725E+000,1.680359629E-009
       432,3.831476015E-001,2.118332094E+000,1.921454640E-008
       433,3.813248964E-001,2.030507551E+000,1.689363103E-007
       434,3.810954309E-001,1.946106260E+000,1.066143227E-006
       435,3.831262176E-001,1.864777872E+000,4.658322723E-006
       436,3.873750140E-001,1.786272602E+000,1.645220036E-004
       437,3.927703443E-001,1.710969410E+000,5.717151612E-002
       438,3.970979807E-001,1.640107666E+000,1.295879632E-001
       439,3.976089334E-001,1.575100621E+000,1.429724544E-001
       440,4.493197533E-001,1.499636728E+000,1.223967746E-001
       441,4.647419617E-001,1.567344184E+000,1.391195357E-001
       442,4.223072676E-001,1.435140428E+000,1.008796617E-001
       443,3.871803627E-001,1.369336740E+000,7.379090041E-002
       444,3.474214742E-001,1.297449045E+000,4.247014970E-002
       445,3.082031595E-001,1.213640141E+000,1.269856654E-002
       446,2.871810761E-001,1.118925672E+000,3.048998769E-004
       447,2.768206394E-001,1.027048905E+000,7.459952371E-007
       448,2.737590934E-001,9.367464923E-001,2.815804478E-008
       449,2.744436692E-001,8.457789070E-001,2.971939361E-009
       450,2.766607356E-001,7.535570428E-001,3.296259377E-010
       451,2.794612963E-001,6.604288295E-001,3.749360544E-011
       452,2.826227180E-001,5.667629821E-001,4.494062674E-012
       453,2.859902498E-001,4.727786275E-001,4.090170585E-013
       454,2.893683715E-001,3.785388669E-001,2.467100349E-014
       455,2.925078630E-001,2.840918062E-001,9.328225617E-016
       456,3.700415317E+000,2.700552786E+000,9.808695522E-011
       457,3.600476579E+000,2.700593218E+000,2.268835259E-010
       458,3.500488474E+000,2.700608294E+000,5.177049900E-010
       459,3.400465070E+000,2.700615968E+000,1.162371754E-009
       460,3.300437622E+000,2.700614635E+000,2.561224344E-009
       461,3.200422333E+000,2.700584284E+000,5.526511693E-009
       462,3.100408116E+000,2.700507705E+000,1.165019103E-008
       463,3.000378169E+000,2.700397403E+000,2.390689424E-008
       464,2.900328016E+000,2.700280835E+000,4.751072424E-008
       465,2.800264944E+000,2.700180967E+000,9.089488628E-008
       466,2.700199274E+000,2.700107674E+000,1.663495368E-007
       467,2.600137715E+000,2.700060250E+000,2.892905684E-007
       468,2.500080687E+000,2.700033583E+000,4.745754438E-007
       469,2.400021775E+000,2.700022847E+000,7.284283470E-007
       470,2.299947591E+000,2.700025071E+000,1.036608296E-006
       471,2.199837128E+000,2.700038930E+000,1.354060828E-006
       472,2.099661675E+000,2.700066484E+000,1.606042701E-006
       473,1.999388936E+000,2.700120553E+000,1.709415869E-006
       474,1.898996356E+000,2.700239379E+000,1.610673849E-006
       475,1.798496385E+000,2.700503060E+000,1.320225010E-006
       476,1.697968438E+000,2.701033020E+000,9.177916240E-007
       477,1.597583928E+000,2.701939893E+000,5.204928470E-007
       478,1.497586374E+000,2.703190366E+000,2.276196227E-007
       479,1.398144354E+000,2.704466346E+000,7.150656955E-008
       480,1.299159966E+000,2.705269023E+000,1.530279725E-008
       481,1.200286711E+000,2.705295141E+000,2.461008952E-009
       482,1.101132423E+000,2.704638591E+000,3.771404300E-010
       483,1.001445668E+000,2.703542123E+000,6.252241780E-011
       484,9.012237427E-001,2.702220874E+000,1.124484447E-011
       485,8.006269442E-001,2.700976130E+000,1.988285838E-012
       486,6.997999774E-001,2.699961925E+000,3.241205318E-013
       487,5.989356032E-001,2.699362399E+000,4.574404820E-014
       488,4.982645752E-001,2.699145901E+000,5.519482678E-015
       489,3.700415468E+000,2.992880899E-001,8.143600377E-012
       490,3.700385585E+000,3.993076003E-001,1.059407215E-010
       491,3.700322199E+000,4.994604667E-001,1.008705564E-009
       492,3.700261364E+000,5.997498123E-001,7.264216784E-009
       493,3.700238358E+000,7.002012787E-001,4.049842772E-008
       494,3.700312427E+000,8.008381655E-001,1.781515238E-007
       495,3.700598894E+000,9.016520292E-001,6.299136999E-007
       496,3.701274089E+000,1.002554849E+000,1.827047981E-006
       497,3.702517104E+000,1.103321633E+000,4.452775102E-006
       498,3.704327391E+000,1.203601578E+000,9.374589354E-006
       499,3.706318877E+000,1.303111245E+000,1.739209983E-005
       500,3.707829246E+000,1.401876097E+000,2.854638478E-005
       501,3.708344387E+000,1.500245406E+000,4.257058754E-005
       502,3.707784876E+000,1.598686607E+000,4.434245420E-005
       503,3.706460653E+000,1.697564242E+000,3.191843280E-005
       504,3.704839416E+000,1.797028803E+000,2.007824696E-005
       505,3.703318488E+000,1.897031855E+000,1.099668316E-005
       506,3.702116231E+000,1.997416145E+000,5.219562354E-006
       507,3.701285934E+000,2.098009809E+000,2.113904884E-006
       508,3.700783340E+000,2.198678746E+000,7.166436831E-007
       509,3.700533478E+000,2.299325106E+000,1.989087934E-007
       510,3.700447986E+000,2.399873809E+000,4.417562138E-008
       511,3.700439668E+000,2.500262037E+000,7.666459467E-009
       512,3.700432483E+000,2.600457303E+000,1.012395834E-009
       513,3.915787197E-001,2.851949016E-001,7.095281597E-015
       514,4.914199435E-001,2.862323686E-001,5.246097542E-014
       515,5.916253743E-001,2.873047153E-001,4.220844865E-013
       516,6.919222226E-001,2.886349581E-001,2.608418256E-012
       517,7.923114341E-001,2.902865242E-001,1.189713692E-011
       518,8.928724006E-001,2.921572564E-001,4.214348315E-011
       519,9.936377030E-001,2.940454974E-001,1.281949824E-010
       520,1.094570685E+000,2.957237441E-001,3.647267488E-010
       521,1.195569828E+000,2.970755729E-001,1.017896101E-009
       522,1.296531950E+000,2.980772816E-001,2.770909280E-009
       523,1.397383669E+000,2.987707665E-001,7.058003515E-009
       524,1.498089148E+000,2.992274794E-001,1.610051825E-008
       525,1.598643361E+000,2.995189139E-001,3.195598097E-008
       526,1.699060423E+000,2.997020979E-001,5.448421803E-008
       527,1.799363376E+000,2.998170369E-001,7.971726035E-008
       528,1.899577322E+000,2.998894763E-001,1.007208255E-007
       529,1.999725338E+000,2.999350582E-001,1.110267434E-007
       530,2.099826851E+000,2.999632528E-001,1.080714256E-007
       531,2.199898016E+000,2.999800257E-001,9.405192003E-008
       532,2.299953043E+000,2.999889143E-001,7.405922275E-008
       533,2.400005446E+000,2.999905391E-001,5.334260678E-008
       534,2.500068216E+000,2.999804743E-001,3.548197824E-008
       535,2.600151610E+000,2.999462772E-001,2.197787019E-008
       536,2.700257546E+000,2.998675224E-001,1.277389128E-008
       537,2.800372814E+000,2.997250623E-001,7.023595927E-009
       538,2.900467764E+000,2.995225984E-001,3.689033301E-009
       539,3.000513086E+000,2.993052277E-001,1.869414401E-009
       540,3.100511994E+000,2.991495939E-001,9.203225404E-010
       541,3.200499655E+000,2.990734741E-001,4.416094157E-010
       542,3.300504522E+000,2.990602438E-001,2.067503391E-010
       543,3.400515591E+000,2.990792930E-001,9.461427475E-011
       544,3.500508245E+000,2.991263851E-001,4.242295404E-011
       545,3.600463458E+000,2.992090402E-001,1.869663972E-011
       546,4.721126766E-001,1.638865488E+000,1.283825338E-001
       547,5.395605769E-001,1.554011448E+000,1.343237311E-001
       548,5.526039781E-001,1.631645242E+000,1.283083856E-001
       549,5.197386622E-001,1.479332980E+000,1.142109111E-001
       550,4.929680709E-001,1.407345018E+000,8.939856291E-002
       551,4.615623514E-001,1.335502731E+000,6.120170280E-002
       552,4.285711989E-001,1.261045058E+000,3.217807412E-002
       553,3.982866014E-001,1.182021673E+000,9.108582512E-003
       554,3.762138811E-001,1.099711657E+000,2.430081804E-004
       555,3.632779500E-001,1.017795876E+000,1.270233611E-006
       556,3.614107053E-001,9.343688969E-001,8.977639254E-008
       557,3.645882174E-001,8.470983668E-001,1.198571375E-008
       558,3.693459646E-001,7.564559599E-001,1.663018501E-009
       559,3.743481948E-001,6.636497735E-001,2.559253087E-010
       560,3.792017318E-001,5.696545519E-001,3.416016081E-011
       561,3.837936247E-001,4.750491151E-001,3.200852127E-012
       562,3.879999454E-001,3.801573134E-001,1.941911123E-013
       563,3.600443855E+000,3.992170555E-001,2.418234502E-010
       564,3.600383937E+000,4.994048493E-001,2.285341250E-009
       565,3.600329802E+000,5.998070159E-001,1.630247937E-008
       566,3.600328779E+000,7.004525266E-001,8.982778610E-008
       567,3.600464070E+000,8.013488723E-001,3.897279726E-007
       568,3.600879198E+000,9.024346202E-001,1.357279075E-006
       569,3.601782637E+000,1.003546964E+000,3.876576557E-006
       570,3.603364102E+000,1.104383079E+000,9.312138900E-006
       571,3.605570794E+000,1.204558048E+000,1.935320506E-005
       572,3.607914873E+000,1.303816878E+000,3.550512702E-005
       573,3.609651878E+000,1.402239616E+000,5.777577826E-005
       574,3.610229775E+000,1.500228342E+000,8.579246787E-005
       575,3.609569803E+000,1.598304294E+000,8.927919407E-005
       576,3.608017205E+000,1.696886002E+000,6.444375322E-005
       577,3.606096786E+000,1.796167262E+000,4.089160211E-005
       578,3.604264914E+000,1.896120537E+000,2.267989657E-005
       579,3.602784145E+000,1.996583070E+000,1.092893490E-005
       580,3.601731078E+000,2.097353749E+000,4.498323960E-006
       581,3.601078781E+000,2.198239494E+000,1.549911531E-006
       582,3.600737330E+000,2.299088742E+000,4.370194233E-007
       583,3.600593147E+000,2.399780757E+000,9.850757721E-008
       584,3.600542146E+000,2.500250532E+000,1.733058674E-008
       585,3.600506743E+000,2.600489484E+000,2.316552727E-009
       586,3.500534897E+000,2.600538816E+000,5.229529698E-009
       587,3.400533554E+000,2.600582977E+000,1.160736840E-008
       588,3.300535705E+000,2.600620613E+000,2.527378840E-008
       589,3.200548171E+000,2.600617815E+000,5.389016522E-008
       590,3.100552271E+000,2.600559104E+000,1.122920281E-007
       591,3.000528326E+000,2.600453100E+000,2.279187328E-007
       592,2.900471272E+000,2.600332603E+000,4.486479952E-007
       593,2.800390330E+000,2.600223900E+000,8.521525956E-007
       594,2.700298454E+000,2.600140165E+000,1.553111360E-006
       595,2.600203842E+000,2.600084543E+000,2.699762263E-006
       596,2.500106214E+000,2.600055832E+000,4.445537797E-006
       597,2.399996451E+000,2.600052550E+000,6.880787168E-006
       598,2.299857398E+000,2.600073215E+000,9.924200640E-006
       599,2.199663995E+000,2.600115406E+000,1.321089621E-005
       600,2.099384481E+000,2.600179319E+000,1.606032311E-005
       601,1.998988013E+000,2.600279439E+000,1.761830572E-005
       602,1.898463597E+000,2.600463449E+000,1.719396823E-005
       603,1.797849693E+000,2.600829368E+000,1.465930654E-005
       604,1.697263946E+000,2.601517391E+000,1.065368451E-005
       605,1.596913986E+000,2.602636000E+000,6.379705155E-006
       606,1.497041903E+000,2.604105675E+000,3.011898343E-006
       607,1.397761902E+000,2.605540065E+000,1.068522920E-006
       608,1.298908972E+000,2.606417617E+000,2.806149269E-007
       609,1.200038888E+000,2.606471185E+000,6.041470613E-008
       610,1.100722008E+000,2.605683678E+000,1.206228273E-008
       611,1.000783160E+000,2.604238128E+000,2.380677655E-009
       612,9.003017814E-001,2.602631434E+000,4.488139860E-010
       613,7.994717166E-001,2.601053837E+000,7.743835434E-011
       614,6.984415201E-001,2.599888968E+000,1.160941742E-011
       615,5.974892103E-001,2.599130473E+000,1.512763439E-012
       616,4.968448438E-001,2.598833272E+000,1.744628340E-013
       617,4.873594380E-001,3.818559458E-001,1.423460416E-012
       618,5.873412594E-001,3.837337068E-001,1.029173535E-011
       619,6.877003496E-001,3.858429683E-001,5.275854059E-011
       620,7.883545030E-001,3.881039230E-001,1.946195982E-010
       621,8.893104283E-001,3.904672470E-001,6.011762754E-010
       622,9.905527103E-001,3.926624725E-001,1.733616917E-009
       623,1.091996929E+000,3.945907660E-001,5.060868613E-009
       624,1.193487100E+000,3.961682561E-001,1.524061410E-008
       625,1.294885667E+000,3.973682199E-001,4.463021597E-008
       626,1.396106063E+000,3.982283732E-001,1.181080336E-007
       627,1.497112773E+000,3.988199309E-001,2.700140271E-007
       628,1.597907450E+000,3.992177760E-001,5.238164249E-007
       629,1.698513170E+000,3.994839223E-001,8.609441124E-007
       630,1.798962351E+000,3.996630625E-001,1.207481432E-006
       631,1.899288853E+000,3.997844786E-001,1.461876423E-006
       632,1.999523441E+000,3.998664109E-001,1.548422688E-006
       633,2.099692547E+000,3.999204764E-001,1.454744393E-006
       634,2.199819246E+000,3.999544480E-001,1.228358542E-006
       635,2.299924722E+000,3.999729627E-001,9.435377706E-007
       636,2.400028832E+000,3.999761594E-001,6.664429861E-007
       637,2.500148414E+000,3.999565133E-001,4.369333055E-007
       638,2.600292213E+000,3.998959761E-001,2.681171907E-007
       639,2.700453100E+000,3.997689322E-001,1.552214286E-007
       640,2.800600951E+000,3.995601602E-001,8.550735231E-008
       641,2.900690382E+000,3.992976798E-001,4.521742625E-008
       642,3.000695776E+000,3.990761911E-001,2.312594205E-008
       643,3.100640766E+000,3.989573357E-001,1.149463991E-008
       644,3.200579577E+000,3.989550377E-001,5.563031369E-009
       645,3.300539840E+000,3.990142588E-001,2.624602535E-009
       646,3.400513146E+000,3.990917580E-001,1.208811939E-009
       647,3.500476470E+000,3.991715169E-001,5.450596086E-010
       648,4.948028977E-001,2.499048866E+000,4.270896570E-012
       649,4.919167105E-001,2.400908831E+000,8.237072829E-011
       650,4.883427382E-001,2.305126064E+000,1.294388929E-009
       651,4.844588315E-001,2.212211763E+000,1.664175286E-008
       652,4.808359199E-001,2.122476153E+000,1.710966728E-007
       653,4.779317122E-001,2.035919122E+000,1.326407983E-006
       654,4.760390607E-001,1.952219605E+000,7.288157121E-006
       655,4.753227902E-001,1.870699889E+000,2.842374306E-005
       656,4.753622213E-001,1.791026703E+000,2.587925177E-003
       657,4.749707138E-001,1.713340240E+000,5.922168866E-002
       658,5.603800603E-001,1.710453598E+000,6.650239974E-002
       659,6.369669128E-001,1.619575243E+000,1.281071603E-001
       660,6.488820107E-001,1.703163104E+000,7.607156783E-002
       661,6.199844122E-001,1.537592458E+000,1.290770620E-001
       662,5.976137048E-001,1.458436107E+000,1.065739021E-001
       663,5.706621824E-001,1.381604337E+000,7.982469350E-002
       664,5.411265051E-001,1.306054719E+000,5.139538646E-002
       665,5.111839277E-001,1.230286722E+000,2.487431280E-002
       666,4.828119904E-001,1.154038719E+000,6.430678070E-003
       667,4.581830054E-001,1.079351737E+000,1.659183472E-004
       668,4.403502601E-001,1.008946706E+000,2.085179403E-006
       669,4.449216954E-001,9.345308792E-001,2.489952919E-007
       670,4.538557695E-001,8.507884445E-001,5.797442526E-008
       671,4.626310304E-001,7.609599868E-001,1.204799993E-008
       672,4.703002289E-001,6.678186220E-001,1.970768881E-009
       673,4.768985465E-001,5.730677084E-001,2.484008554E-010
       674,4.825654913E-001,4.775900603E-001,2.281075676E-011
       675,3.500429365E+000,4.993855967E-001,5.109870305E-009
       676,3.500391778E+000,5.998835588E-001,3.609019572E-008
       677,3.500425144E+000,7.007126379E-001,1.964407375E-007
       678,3.500628679E+000,8.018427337E-001,8.400646152E-007
       679,3.501175164E+000,9.031613092E-001,2.879668045E-006
       680,3.502290759E+000,1.004427745E+000,8.095070370E-006
       681,3.504153646E+000,1.105284356E+000,1.916449219E-005
       682,3.506651156E+000,1.205341934E+000,3.932869367E-005
       683,3.509230141E+000,1.304382151E+000,7.138538786E-005
       684,3.511113608E+000,1.402524239E+000,1.152084806E-004
       685,3.511737999E+000,1.500201668E+000,1.703721500E-004
       686,3.511022393E+000,1.597972439E+000,1.770815579E-004
       687,3.509324960E+000,1.696299365E+000,1.281086443E-004
       688,3.507197697E+000,1.795417657E+000,8.198614523E-005
       689,3.505126033E+000,1.895326811E+000,4.604833521E-005
       690,3.503398870E+000,1.995870231E+000,2.252022205E-005
       691,3.502144645E+000,2.096801890E+000,9.419405615E-006
       692,3.501350083E+000,2.197885791E+000,3.299477157E-006
       693,3.500911773E+000,2.298901950E+000,9.455656027E-007
       694,3.500698056E+000,2.399704450E+000,2.164683792E-007
       695,3.500591512E+000,2.500229411E+000,3.863053166E-008
       696,3.400609629E+000,2.500279487E+000,8.467771551E-008
       697,3.300633256E+000,2.500337762E+000,1.820719717E-007
       698,3.200663253E+000,2.500377232E+000,3.833147559E-007
       699,3.100679553E+000,2.500364913E+000,7.885238915E-007
       700,3.000658564E+000,2.500315230E+000,1.580450203E-006
       701,2.900595207E+000,2.500246114E+000,3.075073209E-006
       702,2.800497277E+000,2.500179037E+000,5.783666893E-006
       703,2.700376876E+000,2.500125025E+000,1.046569650E-005
       704,2.600240847E+000,2.500091436E+000,1.812228766E-005
       705,2.500087010E+000,2.500086203E+000,2.984344428E-005
       706,2.399905370E+000,2.500116708E+000,4.640761836E-005
       707,2.299679663E+000,2.500185259E+000,6.760410906E-005
       708,2.199386618E+000,2.500287279E+000,9.144895739E-005
       709,2.098997276E+000,2.500418803E+000,1.137406070E-004
       710,1.998487772E+000,2.500593917E+000,1.285735634E-004
       711,1.897862769E+000,2.500867092E+000,1.302246092E-004
       712,1.797185605E+000,2.501347512E+000,1.160491738E-004
       713,1.696599255E+000,2.502178367E+000,8.888677257E-005
       714,1.596310975E+000,2.503445439E+000,5.683219933E-005
       715,1.496511470E+000,2.505023575E+000,2.934502481E-005
       716,1.397221101E+000,2.506507039E+000,1.193092885E-005
       717,1.298126206E+000,2.507432661E+000,3.873954938E-006
       718,1.198832633E+000,2.507510879E+000,1.079044182E-006
       719,1.099043432E+000,2.506640012E+000,2.701541746E-007
       720,9.987042814E-001,2.505233148E+000,6.110771977E-008
       721,8.979979220E-001,2.503541405E+000,1.217132617E-008
       722,7.970279041E-001,2.502029223E+000,2.056131265E-009
       723,6.959916854E-001,2.500813962E+000,2.920368114E-010
       724,5.951535193E-001,2.499932014E+000,3.663656878E-011
       725,5.821007845E-001,4.804984242E-001,1.677689931E-010
       726,6.823766207E-001,4.835196073E-001,7.304693517E-010
       727,7.832830625E-001,4.864939752E-001,2.354875184E-009
       728,8.847181273E-001,4.890803415E-001,6.683440468E-009
       729,9.865858259E-001,4.913835304E-001,1.870352584E-008
       730,1.088692515E+000,4.934059466E-001,5.678595372E-008
       731,1.190810860E+000,4.951187272E-001,1.846578783E-007
       732,1.292766608E+000,4.964857628E-001,5.699761800E-007
       733,1.394454749E+000,4.975129374E-001,1.521239824E-006
       734,1.495839571E+000,4.982557056E-001,3.393638508E-006
       735,1.596933604E+000,4.987834422E-001,6.307992408E-006
       736,1.697774282E+000,4.991576291E-001,9.858152225E-006
       737,1.798407745E+000,4.994245854E-001,1.313470875E-005
       738,1.898879412E+000,4.996158142E-001,1.515496933E-005
       739,1.999229664E+000,4.997517617E-001,1.538153265E-005
       740,2.099493443E+000,4.998460121E-001,1.393657476E-005
       741,2.199701539E+000,4.999078730E-001,1.142436304E-005
       742,2.299881683E+000,4.999427962E-001,8.573854757E-006
       743,2.400057741E+000,4.999503894E-001,5.952502761E-006
       744,2.500245790E+000,4.999209513E-001,3.858206583E-006
       745,2.600447575E+000,4.998341950E-001,2.354611524E-006
       746,2.700642640E+000,4.996686296E-001,1.364197374E-006
       747,2.800789031E+000,4.994365400E-001,7.560567497E-007
       748,2.900845281E+000,4.992175512E-001,4.034558572E-007
       749,3.000805378E+000,4.990824291E-001,2.083921515E-007
       750,3.100712159E+000,4.990825043E-001,1.045151166E-007
       751,3.200616247E+000,4.991742571E-001,5.099320788E-008
       752,3.300541771E+000,4.992926825E-001,2.423103851E-008
       753,3.400480222E+000,4.993837371E-001,1.123845372E-008
       754,5.920437914E-001,2.402158251E+000,7.156621407E-010
       755,5.880875699E-001,2.307030912E+000,1.096291502E-008
       756,5.836352786E-001,2.214977188E+000,1.303878037E-007
       757,5.792364601E-001,2.125956288E+000,1.200565634E-006
       758,5.752280663E-001,2.039664998E+000,8.178796634E-006
       759,5.717299885E-001,1.955342293E+000,3.882266537E-005
       760,5.686036130E-001,1.872514123E+000,1.300921285E-004
       761,5.652159254E-001,1.790571022E+000,9.082996286E-003
       762,6.567486923E-001,1.786687056E+000,1.797204278E-002
       763,7.389367907E-001,1.691782632E+000,8.505205065E-002
       764,7.497080361E-001,1.779343738E+000,2.792678587E-002
       765,7.240660571E-001,1.604907474E+000,1.272392124E-001
       766,7.044695678E-001,1.519917308E+000,1.237105429E-001
       767,6.804592095E-001,1.437487702E+000,9.941317886E-002
       768,6.534224204E-001,1.357523416E+000,7.150515914E-002
       769,6.250620927E-001,1.279171790E+000,4.332748801E-002
       770,5.963488369E-001,1.201239925E+000,1.927017793E-002
       771,5.668911169E-001,1.124100832E+000,4.613282159E-003
       772,5.348940952E-001,1.052713169E+000,1.062228257E-004
       773,4.993076819E-001,1.002383466E+000,2.891185659E-006
       774,5.257497694E-001,9.431393563E-001,1.744366273E-006
       775,5.447173003E-001,8.594994798E-001,9.134769243E-007
       776,5.579341436E-001,7.676077030E-001,2.170265816E-007
       777,5.678244576E-001,6.729343771E-001,2.276475364E-008
       778,5.756682011E-001,5.770016568E-001,1.963561536E-009
       779,3.400467202E+000,5.999479345E-001,7.856863959E-008
       780,3.400534518E+000,7.009095026E-001,4.222833923E-007
       781,3.400805774E+000,8.022327977E-001,1.779434228E-006
       782,3.401472432E+000,9.037390099E-001,6.002760074E-006
       783,3.402781742E+000,1.005138189E+000,1.660785711E-005
       784,3.404883966E+000,1.106022521E+000,3.875693437E-005
       785,3.407615537E+000,1.205998455E+000,7.855622243E-005
       786,3.410379473E+000,1.304865197E+000,1.411013072E-004
       787,3.412382381E+000,1.402763596E+000,2.258616732E-004
       788,3.413053131E+000,1.500161160E+000,3.326242149E-004
       789,3.412306418E+000,1.597663302E+000,3.452446836E-004
       790,3.410505089E+000,1.695778908E+000,2.502718417E-004
       791,3.408203765E+000,1.794778996E+000,1.615395740E-004
       792,3.405893121E+000,1.894688725E+000,9.185625095E-005
       793,3.403939189E+000,1.995322746E+000,4.558314322E-005
       794,3.402506340E+000,2.096415608E+000,1.937509296E-005
       795,3.401584832E+000,2.197657048E+000,6.901153483E-006
       796,3.401055747E+000,2.298792615E+000,2.010967137E-006
       797,3.400772500E+000,2.399661857E+000,4.676929279E-007
       798,3.300801822E+000,2.399702738E+000,9.914438124E-007
       799,3.200831211E+000,2.399756582E+000,2.058307473E-006
       800,3.100836498E+000,2.399813502E+000,4.175128197E-006
       801,3.000799137E+000,2.399860893E+000,8.251930922E-006
       802,2.900709629E+000,2.399910157E+000,1.584183337E-005
       803,2.800577208E+000,2.399955136E+000,2.943462459E-005
       804,2.700410221E+000,2.399998818E+000,5.271680857E-005
       805,2.600211704E+000,2.400048691E+000,9.058167780E-005
       806,2.499977746E+000,2.400122402E+000,1.485073590E-004
       807,2.399700914E+000,2.400239340E+000,2.308536932E-004
       808,2.299370970E+000,2.400407058E+000,3.378927941E-004
       809,2.198971136E+000,2.400618214E+000,4.621327098E-004
       810,2.098478809E+000,2.400863814E+000,5.855337949E-004
       811,1.997879222E+000,2.401156978E+000,6.801396376E-004
       812,1.897190470E+000,2.401556249E+000,7.146883290E-004
       813,1.796487728E+000,2.402173232E+000,6.677284837E-004
       814,1.695901406E+000,2.403137525E+000,5.427954602E-004
       815,1.595585490E+000,2.404495090E+000,3.743963316E-004
       816,1.495617162E+000,2.406085849E+000,2.139451681E-004
       817,1.395854907E+000,2.407535420E+000,1.005112354E-004
       818,1.296065554E+000,2.408532103E+000,3.971139813E-005
       819,1.196013066E+000,2.408770507E+000,1.357829296E-005
       820,1.095611004E+000,2.408258493E+000,4.028011517E-006
       821,9.949599807E-001,2.407231130E+000,1.021895628E-006
       822,8.941264795E-001,2.406054355E+000,2.161885959E-007
       823,7.932383729E-001,2.404916431E+000,3.736800025E-008
       824,6.924434958E-001,2.403807585E+000,5.414408921E-009
       825,6.756757024E-001,5.812065495E-001,7.661726364E-009
       826,7.768701914E-001,5.846208889E-001,2.268500587E-008
       827,8.789082934E-001,5.872736859E-001,6.086834503E-008
       828,9.814973399E-001,5.895179397E-001,1.679095760E-007
       829,1.084353562E+000,5.915944441E-001,5.362796855E-007
       830,1.187236285E+000,5.935180537E-001,1.853357162E-006
       831,1.289908631E+000,5.951631206E-001,5.843258805E-006
       832,1.392217357E+000,5.964619440E-001,1.524012987E-005
       833,1.494110771E+000,5.974403025E-001,3.235023541E-005
       834,1.595608570E+000,5.981617022E-001,5.658122973E-005
       835,1.696765196E+000,5.986908766E-001,8.305839583E-005
       836,1.797645264E+000,5.990802095E-001,1.043431621E-004
       837,1.898310789E+000,5.993674126E-001,1.143016343E-004
       838,1.998816375E+000,5.995781110E-001,1.110592493E-004
       839,2.099208779E+000,5.997293419E-001,9.715573833E-005
       840,2.199527769E+000,5.998321470E-001,7.751666999E-005
       841,2.299806268E+000,5.998923346E-001,5.703759234E-005
       842,2.400067922E+000,5.999089163E-001,3.908439976E-005
       843,2.500322345E+000,5.998728220E-001,2.516654604E-005
       844,2.600559897E+000,5.997717698E-001,1.535668889E-005
       845,2.700754063E+000,5.996291034E-001,8.943565263E-006
       846,2.800872681E+000,5.995154709E-001,4.998657914E-006
       847,2.900897726E+000,5.994689199E-001,2.693727993E-006
       848,3.000846470E+000,5.995356062E-001,1.404729005E-006
       849,3.100752881E+000,5.996825017E-001,7.109162539E-007
       850,3.200653766E+000,5.998549175E-001,3.498105627E-007
       851,3.300561076E+000,5.999798403E-001,1.676894357E-007
       852,6.626087982E-001,1.870607421E+000,8.642360917E-004
       853,7.573250056E-001,1.865946140E+000,3.396160668E-003
       854,8.431920659E-001,1.768592592E+000,3.810754046E-002
       855,8.527694534E-001,1.858690981E+000,8.123741485E-003
       856,8.303537571E-001,1.678406001E+000,9.203711897E-002
       857,8.133360819E-001,1.589038395E+000,1.257306188E-001
       858,7.919269313E-001,1.502011777E+000,1.184458733E-001
       859,7.670307856E-001,1.417376918E+000,9.283132851E-002
       860,7.402707660E-001,1.335412233E+000,6.435166299E-002
       861,7.133331719E-001,1.254730328E+000,3.693680465E-002
       862,6.867401335E-001,1.173066833E+000,1.530251559E-002
       863,6.588886365E-001,1.086924055E+000,3.507555230E-003
       864,6.214421636E-001,9.865507840E-001,6.656483311E-005
       865,6.444440195E-001,8.746585305E-001,3.221984343E-006
       866,6.577197144E-001,7.752320174E-001,6.928627272E-007
       867,6.676033327E-001,6.780958368E-001,7.761656207E-008
       868,6.881441742E-001,2.308954454E+000,7.805367375E-008
       869,6.830811214E-001,2.217138442E+000,8.466578834E-007
       870,6.778304623E-001,2.128126324E+000,6.872708127E-006
       871,6.727057237E-001,2.041069000E+000,4.034383164E-005
       872,6.677142549E-001,1.955156291E+000,1.639941765E-004
       873,3.300659608E+000,7.010183498E-001,8.900151443E-007
       874,3.300978412E+000,8.024634263E-001,3.695512760E-006
       875,3.301747813E+000,9.041335527E-001,1.227117264E-005
       876,3.303218717E+000,1.005668358E+000,3.342588025E-005
       877,3.305541729E+000,1.106629174E+000,7.690955681E-005
       878,3.308504117E+000,1.206575702E+000,1.539618388E-004
       879,3.311473415E+000,1.305294059E+000,2.735818562E-004
       880,3.313621545E+000,1.402950670E+000,4.341742024E-004
       881,3.314352230E+000,1.500075352E+000,6.365926820E-004
       882,3.313573349E+000,1.597336973E+000,6.598867476E-004
       883,3.311636315E+000,1.695297845E+000,4.794144188E-004
       884,3.309087284E+000,1.794255293E+000,3.121452755E-004
       885,3.306524837E+000,1.894214002E+000,1.796933211E-004
       886,3.304365110E+000,1.994977041E+000,9.047933418E-005
       887,3.302789626E+000,2.096205244E+000,3.908320650E-005
       888,3.301769029E+000,2.197550477E+000,1.415854149E-005
       889,3.301167835E+000,2.298737142E+000,4.195891506E-006
       890,3.201178432E+000,2.298764407E+000,8.574035746E-006
       891,3.101148166E+000,2.298857213E+000,1.712508310E-005
       892,3.001051741E+000,2.299018947E+000,3.333716813E-005
       893,2.900892853E+000,2.299219898E+000,6.305639545E-005
       894,2.800675270E+000,2.299446622E+000,1.155116915E-004
       895,2.700411426E+000,2.299671983E+000,2.041856496E-004
       896,2.600101600E+000,2.299898834E+000,3.468162031E-004
       897,2.499744635E+000,2.300146887E+000,5.633304827E-004
       898,2.399341688E+000,2.300440442E+000,8.702771156E-004
       899,2.298892044E+000,2.300787791E+000,1.271318877E-003
       900,2.198385417E+000,2.301177271E+000,1.745384652E-003
       901,2.097803433E+000,2.301596652E+000,2.236528322E-003
       902,1.997135605E+000,2.302061106E+000,2.652171766E-003
       903,1.896399749E+000,2.302633728E+000,2.877821214E-003
       904,1.795643253E+000,2.303421741E+000,2.815571381E-003
       905,1.694928728E+000,2.304510471E+000,2.437889576E-003
       906,1.594303166E+000,2.305896988E+000,1.828628825E-003
       907,1.493711123E+000,2.307402114E+000,1.164861722E-003
       908,1.393040730E+000,2.308852656E+000,6.285862764E-004
       909,1.292204937E+000,2.310050009E+000,2.919504768E-004
       910,1.191248142E+000,2.310775452E+000,1.165076828E-004
       911,1.090318126E+000,2.311075222E+000,3.947309597E-005
       912,9.894757006E-001,2.311092542E+000,1.115725536E-005
       913,8.887742720E-001,2.310943868E+000,2.584196636E-006
       914,7.882481099E-001,2.310507545E+000,4.873331250E-007
       915,7.694020267E-001,6.818114947E-001,1.941036345E-007
       916,8.722025622E-001,6.841884914E-001,4.700916918E-007
       917,9.754625443E-001,6.861997090E-001,1.259342866E-006
       918,1.079006596E+000,6.884111419E-001,4.222517418E-006
       919,1.182666272E+000,6.907924976E-001,1.527614950E-005
       920,1.286140153E+000,6.929960559E-001,4.764848200E-005
       921,1.389203210E+000,6.948253847E-001,1.179778046E-004
       922,1.491754849E+000,6.962362168E-001,2.332017175E-004
       923,1.593796666E+000,6.972839184E-001,3.779304971E-004
       924,1.695387215E+000,6.980512329E-001,5.159618449E-004
       925,1.796606646E+000,6.986135110E-001,6.080811145E-004
       926,1.897536545E+000,6.990284067E-001,6.318005617E-004
       927,1.998251006E+000,6.993359511E-001,5.888978485E-004
       928,2.098813407E+000,6.995614575E-001,4.994451301E-004
       929,2.199274833E+000,6.997189583E-001,3.898975847E-004
       930,2.299671717E+000,6.998137119E-001,2.829405421E-004
       931,2.400022337E+000,6.998452437E-001,1.925686520E-004
       932,2.500325671E+000,6.998168916E-001,1.239554986E-004
       933,2.600571094E+000,6.997866460E-001,7.600108074E-005
       934,2.700751679E+000,6.998570453E-001,4.461525896E-005
       935,2.800860697E+000,7.000215533E-001,2.517469875E-005
       936,2.900912658E+000,7.002793797E-001,1.370183509E-005
       937,3.000909224E+000,7.005662431E-001,7.217124221E-006
       938,3.100864539E+000,7.008379500E-001,3.689187679E-006
       939,3.200786186E+000,7.010293287E-001,1.834707632E-006
       940,7.826100235E-001,2.218356400E+000,4.678421192E-006
       941,7.764948166E-001,2.128500052E+000,3.291838584E-005
       942,7.702663821E-001,2.040112436E+000,1.643867145E-004
       943,7.639044373E-001,1.952479955E+000,5.688823294E-004
       944,8.606073947E-001,1.947560608E+000,1.700613764E-003
       945,9.493398842E-001,1.849186258E+000,1.471343730E-002
       946,9.583801970E-001,1.941011676E+000,4.309300333E-003
       947,9.382276554E-001,1.756722619E+000,4.782152921E-002
       948,9.236436965E-001,1.664280644E+000,9.723126888E-002
       949,9.047517022E-001,1.573291461E+000,1.237721667E-001
       950,8.819375334E-001,1.484520240E+000,1.133662239E-001
       951,8.564668877E-001,1.398750547E+000,8.683772385E-002
       952,8.298905744E-001,1.315717558E+000,5.828253552E-002
       953,8.044366457E-001,1.234346923E+000,3.221277520E-002
       954,7.824780058E-001,1.152037078E+000,1.289889030E-002
       955,7.640532225E-001,1.065842194E+000,2.906077309E-003
       956,7.512281937E-001,9.728127613E-001,1.167805021E-004
       957,7.545212296E-001,8.750957828E-001,7.584033483E-006
       958,7.617290688E-001,7.781498906E-001,1.498531105E-006
       959,3.201131743E+000,8.025464370E-001,7.511064723E-006
       960,3.201952480E+000,9.043326203E-001,2.456175207E-005
       961,3.203552882E+000,1.006030045E+000,6.590109842E-005
       962,3.206073979E+000,1.107099206E+000,1.495076576E-004
       963,3.209311027E+000,1.207046485E+000,2.954371739E-004
       964,3.212555993E+000,1.305627125E+000,5.189089570E-004
       965,3.214899682E+000,1.403046295E+000,8.158996352E-004
       966,3.215672114E+000,1.499914873E+000,1.190697658E-003
       967,3.214796927E+000,1.596987992E+000,1.233350602E-003
       968,3.212588843E+000,1.694869620E+000,8.987226174E-004
       969,3.209742136E+000,1.793854262E+000,5.904501886E-004
       970,3.206933207E+000,1.893932795E+000,3.441627196E-004
       971,3.204618225E+000,1.994829092E+000,1.758399740E-004
       972,3.202949772E+000,2.096152316E+000,7.719637506E-005
       973,3.201873111E+000,2.197523329E+000,2.844750088E-005
       974,3.101788552E+000,2.197590973E+000,5.587018677E-005
       975,3.001601866E+000,2.197800384E+000,1.070053477E-004
       976,2.901305146E+000,2.198144049E+000,1.992247562E-004
       977,2.800925485E+000,2.198568381E+000,3.593141446E-004
       978,2.700473159E+000,2.199054440E+000,6.254759501E-004
       979,2.599958885E+000,2.199578396E+000,1.046806341E-003
       980,2.499398084E+000,2.200134437E+000,1.677055494E-003
       981,2.398814612E+000,2.200736535E+000,2.559754299E-003
       982,2.298220109E+000,2.201376556E+000,3.705004929E-003
       983,2.197603748E+000,2.202031440E+000,5.062130280E-003
       984,2.096938951E+000,2.202690762E+000,6.496602669E-003
       985,1.996201420E+000,2.203382839E+000,7.782830391E-003
       986,1.895372367E+000,2.204184192E+000,8.634589612E-003
       987,1.794393457E+000,2.205145911E+000,8.778149262E-003
       988,1.693274251E+000,2.206319194E+000,8.064511232E-003
       989,1.591963871E+000,2.207641682E+000,6.575853098E-003
       990,1.490389961E+000,2.209095609E+000,4.666741006E-003
       991,1.388507594E+000,2.210640627E+000,2.857716987E-003
       992,1.286508969E+000,2.212255818E+000,1.511245850E-003
       993,1.184711591E+000,2.213874011E+000,6.833432126E-004
       994,1.083430817E+000,2.215494517E+000,2.609632502E-004
       995,9.826610491E-001,2.217011049E+000,8.303125651E-005
       996,8.823378077E-001,2.218282819E+000,2.174691144E-005
       997,8.656799428E-001,7.794819429E-001,3.205453822E-006
       998,9.694190948E-001,7.808410745E-001,8.086492016E-006
       999,1.073264101E+000,7.831598801E-001,2.788564416E-005
      1000,1.177348276E+000,7.863163333E-001,1.024613302E-004
      1001,1.281460601E+000,7.895430135E-001,3.056042187E-004
      1002,1.385284939E+000,7.923267637E-001,6.981647457E-004
      1003,1.488607872E+000,7.944933913E-001,1.258177566E-003
      1004,1.591346359E+000,7.960796929E-001,1.863538870E-003
      1005,1.693519975E+000,7.972101970E-001,2.350781113E-003
      1006,1.795204355E+000,7.980134083E-001,2.598382067E-003
      1007,1.896495700E+000,7.985918663E-001,2.571435645E-003
      1008,1.997490412E+000,7.990171366E-001,2.315139864E-003
      1009,2.098273377E+000,7.993322687E-001,1.919057802E-003
      1010,2.198909360E+000,7.995568294E-001,1.478302758E-003
      1011,2.299436363E+000,7.996967959E-001,1.066804864E-003
      1012,2.399869161E+000,7.997701252E-001,7.266129833E-004
      1013,2.500212543E+000,7.998702881E-001,4.703037848E-004
      1014,2.600493987E+000,8.001541505E-001,2.907982562E-004
      1015,2.700719517E+000,8.006109715E-001,1.723889145E-004
      1016,2.800927250E+000,8.011727639E-001,9.828926704E-005
      1017,2.901098699E+000,8.017148137E-001,5.407864592E-005
      1018,3.001212920E+000,8.021687573E-001,2.881177170E-005
      1019,3.101242390E+000,8.024742001E-001,1.490851173E-005
      1020,8.754376963E-001,2.127023971E+000,1.314317633E-004
      1021,8.681740183E-001,2.036791321E+000,5.591934314E-004
      1022,9.670010584E-001,2.032246139E+000,1.598057919E-003
      1023,1.058037452E+000,1.933709872E+000,9.180980735E-003
      1024,1.067036556E+000,2.027277695E+000,3.854362294E-003
      1025,1.048047322E+000,1.839532219E+000,2.309325337E-002
      1026,1.035618628E+000,1.744846537E+000,5.692547560E-002
      1027,1.019304182E+000,1.650342926E+000,1.011180431E-001
      1028,9.984508457E-001,1.557472975E+000,1.214548871E-001
      1029,9.739632751E-001,1.467836039E+000,1.083856300E-001
      1030,9.478480145E-001,1.381066337E+000,8.123409748E-002
      1031,9.204702477E-001,1.297262664E+000,5.279729888E-002
      1032,8.946606375E-001,1.217259169E+000,2.868829668E-002
      1033,8.772077732E-001,1.137163347E+000,1.165143494E-002
      1034,8.656694089E-001,1.053669896E+000,2.710268367E-003
      1035,8.599641374E-001,9.654446354E-001,1.769576920E-004
      1036,8.611446186E-001,8.732854998E-001,1.659925874E-005
      1037,3.102068515E+000,9.043448306E-001,4.804827404E-005
      1038,3.103721057E+000,1.006163985E+000,1.270068024E-004
      1039,3.106435496E+000,1.107351781E+000,2.840272500E-004
      1040,3.109960003E+000,1.207325275E+000,5.535915843E-004
      1041,3.113495017E+000,1.305791687E+000,9.604847291E-004
      1042,3.115939996E+000,1.403013602E+000,1.495978213E-003
      1043,3.116697679E+000,1.499699185E+000,2.172771841E-003
      1044,3.115604626E+000,1.596670636E+000,2.250384074E-003
      1045,3.113095652E+000,1.694552605E+000,1.646335586E-003
      1046,3.109979662E+000,1.793650074E+000,1.091478975E-003
      1047,3.107012474E+000,1.893872268E+000,6.442331360E-004
      1048,3.104626529E+000,1.994878746E+000,3.340122348E-004
      1049,3.102942889E+000,2.096225538E+000,1.490513096E-004
      1050,3.002654502E+000,2.096388231E+000,2.807028941E-004
      1051,2.902187763E+000,2.096765795E+000,5.140764988E-004
      1052,2.801560558E+000,2.097369199E+000,9.120525792E-004
      1053,2.700794000E+000,2.098166038E+000,1.561413053E-003
      1054,2.599923668E+000,2.099088910E+000,2.569248667E-003
      1055,2.499025885E+000,2.100105233E+000,4.045728128E-003
      1056,2.398168531E+000,2.101168233E+000,6.070555653E-003
      1057,2.297378207E+000,2.102226890E+000,8.647378534E-003
      1058,2.196628909E+000,2.103236616E+000,1.165740006E-002
      1059,2.095860379E+000,2.104197540E+000,1.482513174E-002
      1060,1.994998398E+000,2.105171503E+000,1.772275381E-002
      1061,1.893869286E+000,2.106183928E+000,1.983055286E-002
      1062,1.792422072E+000,2.107280583E+000,2.064952627E-002
      1063,1.690595688E+000,2.108393086E+000,1.983337104E-002
      1064,1.588350793E+000,2.109647903E+000,1.733014546E-002
      1065,1.485593793E+000,2.111075389E+000,1.352231484E-002
      1066,1.382493254E+000,2.112880388E+000,9.248375893E-003
      1067,1.279482289E+000,2.115216295E+000,5.475873128E-003
      1068,1.177036693E+000,2.118005104E+000,2.781532705E-003
      1069,1.075630484E+000,2.121172561E+000,1.199937426E-003
      1070,9.751401688E-001,2.124337463E+000,4.352643446E-004
      1071,9.647845788E-001,8.730428567E-001,4.292287122E-005
      1072,1.067900205E+000,8.752250218E-001,1.561086392E-004
      1073,1.171495140E+000,8.796516814E-001,5.638257135E-004
      1074,1.275806808E+000,8.845189075E-001,1.532571041E-003
      1075,1.380303010E+000,8.888095123E-001,3.105931915E-003
      1076,1.484487356E+000,8.921390379E-001,4.984045401E-003
      1077,1.588082847E+000,8.945290827E-001,6.688816007E-003
      1078,1.691015463E+000,8.961672917E-001,7.815534249E-003
      1079,1.793319819E+000,8.972846317E-001,8.174869232E-003
      1080,1.895094039E+000,8.980621494E-001,7.798010483E-003
      1081,1.996456218E+000,8.986236779E-001,6.867726799E-003
      1082,2.097515970E+000,8.990407887E-001,5.631742999E-003
      1083,2.198354924E+000,8.993456496E-001,4.327984992E-003
      1084,2.299028351E+000,8.995740262E-001,3.135038773E-003
      1085,2.399574736E+000,8.998379182E-001,2.152495785E-003
      1086,2.500063879E+000,9.003169920E-001,1.407717122E-003
      1087,2.600512436E+000,9.010695690E-001,8.801916265E-004
      1088,2.700976455E+000,9.019776308E-001,5.277539021E-004
      1089,2.801437092E+000,9.028667930E-001,3.044417244E-004
      1090,2.901835701E+000,9.035969073E-001,1.696133695E-004
      1091,3.002087737E+000,9.041018570E-001,9.159318870E-005
      1092,1.168747171E+000,2.022560427E+000,7.910747081E-003
      1093,1.159696588E+000,1.926919536E+000,1.666394249E-002
      1094,1.149183788E+000,1.830562541E+000,3.307311982E-002
      1095,1.135792912E+000,1.733373638E+000,6.558753550E-002
      1096,1.117848254E+000,1.635992446E+000,1.040466204E-001
      1097,1.094334301E+000,1.540764553E+000,1.186891198E-001
      1098,1.066521548E+000,1.450894912E+000,1.034048349E-001
      1099,1.041024555E+000,1.362950491E+000,7.618919015E-002
      1100,1.011734443E+000,1.276374633E+000,4.706322774E-002
      1101,9.782447509E-001,1.201322286E+000,2.576673776E-002
      1102,9.675925833E-001,1.127178369E+000,1.174237579E-002
      1103,9.632576376E-001,1.047489271E+000,3.043261357E-003
      1104,9.627497119E-001,9.622821522E-001,3.252279421E-004
      1105,3.003735549E+000,1.005989385E+000,2.385871776E-004
      1106,3.006532131E+000,1.107279813E+000,5.259035970E-004
      1107,3.010215874E+000,1.207277555E+000,1.010970911E-003
      1108,3.013797573E+000,1.305680115E+000,1.733153127E-003
      1109,3.016228642E+000,1.402830208E+000,2.674106741E-003
      1110,3.016904400E+000,1.499484756E+000,3.862551413E-003
      1111,3.015580688E+000,1.596481370E+000,4.000394139E-003
      1112,3.012853043E+000,1.694490533E+000,2.940667793E-003
      1113,3.009635807E+000,1.793745357E+000,1.967316261E-003
      1114,3.006676862E+000,1.894085876E+000,1.175884739E-003
      1115,3.004358767E+000,1.995110808E+000,6.188422558E-004
      1116,1.063106020E+000,9.639594270E-001,9.907914791E-004
      1117,1.164710452E+000,9.706216544E-001,2.782695461E-003
      1118,1.268913781E+000,9.779441286E-001,5.967274774E-003
      1119,1.374110674E+000,9.843820346E-001,1.009103563E-002
      1120,1.479259892E+000,9.893187746E-001,1.421313547E-002
      1121,1.583874669E+000,9.927467051E-001,1.741933823E-002
      1122,1.687730501E+000,9.950289665E-001,1.917331852E-002
      1123,1.790802504E+000,9.965355231E-001,1.934578083E-002
      1124,1.893179595E+000,9.975487876E-001,1.811717078E-002
      1125,1.994997319E+000,9.982615561E-001,1.586413011E-002
      1126,2.096393261E+000,9.987881775E-001,1.304914709E-002
      1127,2.197490247E+000,9.992098856E-001,1.011887472E-002
      1128,2.298404550E+000,9.996474290E-001,7.422551513E-003
      1129,2.399257382E+000,1.000268484E+000,5.168499425E-003
      1130,2.500112427E+000,1.001198710E+000,3.427800722E-003
      1131,2.601020528E+000,1.002363072E+000,2.171774860E-003
      1132,2.701970927E+000,1.003572769E+000,1.318924711E-003
      1133,2.802860067E+000,1.004630459E+000,7.709509810E-004
      1134,2.903547236E+000,1.005426637E+000,4.355867859E-004
      1135,2.903741643E+000,1.995430024E+000,1.114920364E-003
      1136,2.802816210E+000,1.996140217E+000,1.945411204E-003
      1137,2.701600786E+000,1.997222703E+000,3.274237970E-003
      1138,2.600208622E+000,1.998609184E+000,5.291031674E-003
      1139,2.498808651E+000,2.000177223E+000,8.171117865E-003
      1140,2.397542211E+000,2.001809527E+000,1.200936455E-002
      1141,2.296464738E+000,2.003359435E+000,1.674816199E-002
      1142,2.195511097E+000,2.004764981E+000,2.211789601E-002
      1143,2.094554987E+000,2.006057587E+000,2.761625312E-002
      1144,1.993354156E+000,2.007290241E+000,3.256425261E-002
      1145,1.891723744E+000,2.008475037E+000,3.623009473E-002
      1146,1.789559576E+000,2.009473808E+000,3.796226159E-002
      1147,1.686858128E+000,2.010438258E+000,3.728950024E-002
      1148,1.583533329E+000,2.011500761E+000,3.403779864E-002
      1149,1.479612139E+000,2.012928539E+000,2.844413929E-002
      1150,1.375448819E+000,2.015164757E+000,2.127784863E-002
      1151,1.271681393E+000,2.018461117E+000,1.394577976E-002
      1152,1.263019384E+000,1.921140332E+000,2.623723820E-002
      1153,1.252625489E+000,1.822666080E+000,4.385290295E-002
      1154,1.239185901E+000,1.722413496E+000,7.347442210E-002
      1155,1.220472398E+000,1.620303315E+000,1.056107208E-001
      1156,1.193032486E+000,1.519260871E+000,1.153436452E-001
      1157,1.155168472E+000,1.432853312E+000,9.923007339E-002
      1158,1.137097030E+000,1.345548874E+000,7.524909824E-002
      1159,1.112156287E+000,1.241429923E+000,4.061159119E-002
      1160,1.043083309E+000,1.184161665E+000,2.535894886E-002
      1161,1.051999344E+000,1.124221898E+000,1.579499803E-002
      1162,1.058317947E+000,1.048076955E+000,5.526429042E-003
      1163,2.906220665E+000,1.106734665E+000,9.465763578E-004
      1164,2.909743199E+000,1.206751748E+000,1.795881661E-003
      1165,2.913106769E+000,1.305229757E+000,3.042518860E-003
      1166,2.915472520E+000,1.402523606E+000,4.648038186E-003
      1167,2.915909842E+000,1.499359987E+000,6.667933427E-003
      1168,2.914406499E+000,1.596609086E+000,6.903178524E-003
      1169,2.911678259E+000,1.694866694E+000,5.103434436E-003
      1170,2.908627524E+000,1.794277339E+000,3.445749870E-003
      1171,2.905919968E+000,1.894624153E+000,2.086499939E-003
      1172,1.155876429E+000,1.059448638E+000,1.024307497E-002
      1173,1.260411827E+000,1.070255890E+000,1.631220058E-002
      1174,1.366575131E+000,1.079486802E+000,2.320695482E-002
      1175,1.472905437E+000,1.086397598E+000,2.940999903E-002
      1176,1.578688412E+000,1.091105931E+000,3.386014700E-002
      1177,1.683594793E+000,1.094168501E+000,3.605742380E-002
      1178,1.787546441E+000,1.096132870E+000,3.591462225E-002
      1179,1.890620557E+000,1.097406978E+000,3.365919366E-002
      1180,1.992972826E+000,1.098269591E+000,2.976561897E-002
      1181,2.094785804E+000,1.098904004E+000,2.487026341E-002
      1182,2.196282976E+000,1.099470014E+000,1.965164393E-002
      1183,2.297652844E+000,1.100132847E+000,1.470206305E-002
      1184,2.399072349E+000,1.101025300E+000,1.043147314E-002
      1185,2.500618053E+000,1.102183675E+000,7.035750430E-003
      1186,2.602295272E+000,1.103465339E+000,4.524871707E-003
      1187,2.703938743E+000,1.104682102E+000,2.786814701E-003
      1188,2.805389522E+000,1.105702276E+000,1.651833300E-003
      1189,2.804716766E+000,1.895341444E+000,3.584662918E-003
      1190,2.703007386E+000,1.896641765E+000,5.933311768E-003
      1191,2.600980778E+000,1.898420838E+000,9.414771572E-003
      1192,2.498918627E+000,1.900515818E+000,1.424583420E-002
      1193,2.397106045E+000,1.902630990E+000,2.046982013E-002
      1194,2.295604601E+000,1.904580196E+000,2.785943449E-002
      1195,2.194309927E+000,1.906319050E+000,3.586814925E-002
      1196,2.092965644E+000,1.907909216E+000,4.368152469E-002
      1197,1.991254087E+000,1.909338975E+000,5.037582293E-002
      1198,1.888944929E+000,1.910430537E+000,5.510045588E-002
      1199,1.785971901E+000,1.911185754E+000,5.720075965E-002
      1200,1.682286456E+000,1.911771601E+000,5.629467592E-002
      1201,1.577828917E+000,1.912508790E+000,5.230803043E-002
      1202,1.472740572E+000,1.913936135E+000,4.548083618E-002
      1203,1.367452301E+000,1.916683170E+000,3.640446812E-002
      1204,2.808442601E+000,1.205796476E+000,3.092331113E-003
      1205,2.811490951E+000,1.304528573E+000,5.175856408E-003
      1206,2.813404820E+000,1.402206277E+000,7.826711051E-003
      1207,2.813524117E+000,1.499529738E+000,1.112536713E-002
      1208,2.812002882E+000,1.597263659E+000,1.150045544E-002
      1209,2.809563672E+000,1.695854296E+000,8.561342023E-003
      1210,2.806977110E+000,1.795363295E+000,5.839357618E-003
      1211,1.141871121E+000,1.147543197E+000,2.292509191E-002
      1212,1.249864733E+000,1.162247274E+000,3.133655339E-002
      1213,1.357609010E+000,1.174805962E+000,4.031493142E-002
      1214,1.465448418E+000,1.184101977E+000,4.770062119E-002
      1215,1.572674767E+000,1.190269069E+000,5.286853388E-002
      1216,1.678791935E+000,1.194178206E+000,5.548746884E-002
      1217,1.783709195E+000,1.196611561E+000,5.537209287E-002
      1218,1.887538560E+000,1.198131930E+000,5.256659910E-002
      1219,1.990481259E+000,1.199098025E+000,4.741984606E-002
      1220,2.092831970E+000,1.199773303E+000,4.057927430E-002
      1221,2.194860564E+000,1.200357188E+000,3.288901970E-002
      1222,2.296873984E+000,1.201010970E+000,2.522138692E-002
      1223,2.399065143E+000,1.201841036E+000,1.830252819E-002
      1224,2.501508398E+000,1.202815626E+000,1.258767769E-002
      1225,2.604053418E+000,1.203797037E+000,8.231923915E-003
      1226,2.706485415E+000,1.204674323E+000,5.144369323E-003
      1227,2.704845640E+000,1.796730965E+000,9.521946311E-003
      1228,2.602162794E+000,1.798738009E+000,1.485016197E-002
      1229,2.499406734E+000,1.801053012E+000,2.202687971E-002
      1230,2.396948890E+000,1.803338749E+000,3.093621135E-002
      1231,2.294904437E+000,1.805457097E+000,4.104010761E-002
      1232,2.193108495E+000,1.807395632E+000,5.141251534E-002
      1233,2.091230133E+000,1.809125507E+000,6.092908606E-002
      1234,1.988907005E+000,1.810482848E+000,6.852640957E-002
      1235,1.885901715E+000,1.811305576E+000,7.340529561E-002
      1236,1.782094804E+000,1.811614169E+000,7.513718307E-002
      1237,1.677376452E+000,1.811694605E+000,7.368137687E-002
      1238,1.571709642E+000,1.812017765E+000,6.932789832E-002
      1239,1.465102123E+000,1.813310996E+000,6.257534027E-002
      1240,1.358083757E+000,1.816523238E+000,5.396889150E-002
      1241,2.708819572E+000,1.303793784E+000,8.500531316E-003
      1242,2.710111351E+000,1.402093709E+000,1.270402689E-002
      1243,2.709956874E+000,1.500151038E+000,1.781618036E-002
      1244,2.708614009E+000,1.598528889E+000,1.836184971E-002
      1245,2.706685026E+000,1.697516542E+000,1.379456650E-002
      1246,1.238290102E+000,1.254520006E+000,5.289031193E-002
      1247,1.346969252E+000,1.271309234E+000,6.202822179E-002
      1248,1.457049849E+000,1.283379548E+000,6.864108890E-002
      1249,1.566354489E+000,1.290929017E+000,7.324006408E-002
      1250,1.673945714E+000,1.295524944E+000,7.561225444E-002
      1251,1.779881510E+000,1.298305356E+000,7.545677572E-002
      1252,1.884455852E+000,1.299957170E+000,7.250596583E-002
      1253,1.988012967E+000,1.300909371E+000,6.675266474E-002
      1254,2.090897794E+000,1.301440544E+000,5.858899280E-002
      1255,2.193489896E+000,1.301785444E+000,4.880813509E-002
      1256,2.296131979E+000,1.302106011E+000,3.846130520E-002
      1257,2.399046655E+000,1.302490293E+000,2.861929499E-002
      1258,2.502236171E+000,1.302890932E+000,2.011814527E-002
      1259,2.605496195E+000,1.303230140E+000,1.339979563E-002
      1260,2.603517860E+000,1.699416297E+000,2.119758539E-002
      1261,2.500159709E+000,1.701548157E+000,3.087359667E-002
      1262,2.397106101E+000,1.703668787E+000,4.242856055E-002
      1263,2.294492435E+000,1.705681236E+000,5.493036285E-002
      1264,2.192146636E+000,1.707531081E+000,6.709883362E-002
      1265,2.089716922E+000,1.709088063E+000,7.765053958E-002
      1266,1.986829790E+000,1.710148158E+000,8.561758697E-002
      1267,1.883204599E+000,1.710555788E+000,9.051898867E-002
      1268,1.778622969E+000,1.710382263E+000,9.237439185E-002
      1269,1.672910492E+000,1.709883246E+000,9.160072356E-002
      1270,1.565727799E+000,1.709526364E+000,8.883409947E-002
      1271,1.456692953E+000,1.710140823E+000,8.469031751E-002
      1272,1.346375211E+000,1.713374799E+000,7.973645627E-002
      1273,2.606156723E+000,1.402256936E+000,1.972609386E-002
      1274,2.605813513E+000,1.501148069E+000,2.715107426E-002
      1275,2.604734391E+000,1.600240105E+000,2.786461078E-002
      1276,2.501016324E+000,1.601935702E+000,3.990720585E-002
      1277,2.397549009E+000,1.603609631E+000,5.374554917E-002
      1278,2.294500114E+000,1.605204269E+000,6.807397306E-002
      1279,2.191716671E+000,1.606642444E+000,8.140636981E-002
      1280,2.088865657E+000,1.607772979E+000,9.252022952E-002
      1281,1.985575623E+000,1.608395781E+000,1.007456332E-001
      1282,1.881507135E+000,1.608372009E+000,1.060139686E-001
      1283,1.776361629E+000,1.607689305E+000,1.087245941E-001
      1284,1.669695649E+000,1.606424601E+000,1.095290259E-001
      1285,1.560618446E+000,1.604759518E+000,1.090988815E-001
      1286,1.447805882E+000,1.603336844E+000,1.078035012E-001
      1287,1.330269062E+000,1.604401661E+000,1.063841209E-001
      1288,1.234587794E+000,1.343598114E+000,8.120221645E-002
      1289,1.333435119E+000,1.370476873E+000,8.768004179E-002
      1290,1.448171525E+000,1.385513348E+000,9.134549648E-002
      1291,1.560800052E+000,1.393597670E+000,9.423843771E-002
      1292,1.670104317E+000,1.398276739E+000,9.537130594E-002
      1293,1.776962230E+000,1.401036227E+000,9.457592666E-002
      1294,1.882145447E+000,1.402601844E+000,9.136778861E-002
      1295,1.986175774E+000,1.403362158E+000,8.536086977E-002
      1296,2.089472478E+000,1.403581971E+000,7.653517276E-002
      1297,2.192445728E+000,1.403481752E+000,6.538772583E-002
      1298,2.295459531E+000,1.403239064E+000,5.291384459E-002
      1299,2.398745354E+000,1.402939187E+000,4.039524868E-002
      1300,2.502263077E+000,1.402581701E+000,2.905781195E-002
      1301,2.501766722E+000,1.502251809E+000,3.906137124E-002
      1302,1.303087242E+000,1.479705071E+000,1.088668257E-001
      1303,1.225927713E+000,1.413756663E+000,9.833759069E-002
      1304,2.398167085E+000,1.503297178E+000,5.284051970E-002
      1305,2.294933192E+000,1.504270925E+000,6.723948568E-002
      1306,2.191930103E+000,1.505114891E+000,8.078376204E-002
      1307,2.088877079E+000,1.505702243E+000,9.223609418E-002
      1308,1.985419358E+000,1.505853100E+000,1.008995771E-001
      1309,1.881189524E+000,1.505399610E+000,1.066808179E-001
      1310,1.775775473E+000,1.504183313E+000,1.099536344E-001
      1311,1.668494788E+000,1.501984166E+000,1.113282293E-001
      1312,1.557877941E+000,1.498330275E+000,1.114231125E-001
      1313,1.440656343E+000,1.492484595E+000,1.106784940E-001
