nodenumber,    x-coordinate,    y-coordinate,            c2h6
         1,5.000000000E-003,1.495000000E+000,5.000000000E-001
         2,7.068731585E-002,1.508940903E+000,2.911010087E-001
         3,4.403980658E-002,1.551726335E+000,2.072572708E-001
         4,5.000000000E-003,1.505000000E+000,5.000000000E-001
         5,0.000000000E+000,1.401562500E+000,0.000000000E+000
         6,4.885011125E-002,1.420179041E+000,3.363563493E-002
         7,0.000000000E+000,1.308125000E+000,0.000000000E+000
         8,7.311745740E-002,1.332834160E+000,1.226605196E-002
         9,0.000000000E+000,1.214687500E+000,0.000000000E+000
        10,9.163935468E-002,1.233594264E+000,2.287099836E-003
        11,0.000000000E+000,1.121250000E+000,0.000000000E+000
        12,9.293068681E-002,1.130193112E+000,1.921243529E-004
        13,0.000000000E+000,1.027812500E+000,0.000000000E+000
        14,9.200790270E-002,1.032520923E+000,1.512692762E-007
        15,0.000000000E+000,9.343750000E-001,0.000000000E+000
        16,9.154873500E-002,9.374881323E-001,7.710846961E-010
        17,0.000000000E+000,8.409375000E-001,0.000000000E+000
        18,9.167399806E-002,8.433870407E-001,1.226066297E-011
        19,0.000000000E+000,7.475000000E-001,0.000000000E+000
        20,9.202744179E-002,7.495515556E-001,1.851350833E-013
        21,0.000000000E+000,6.540625000E-001,0.000000000E+000
        22,9.247372448E-002,6.558636677E-001,2.883208249E-015
        23,0.000000000E+000,5.606250000E-001,0.000000000E+000
        24,9.318908419E-002,5.623162447E-001,4.846084933E-017
        25,0.000000000E+000,4.671875000E-001,0.000000000E+000
        26,9.418217718E-002,4.688433463E-001,8.330444442E-019
        27,0.000000000E+000,3.737500000E-001,0.000000000E+000
        28,9.541534025E-002,3.753235534E-001,1.406874117E-020
        29,0.000000000E+000,2.803125000E-001,0.000000000E+000
        30,9.671003948E-002,2.816812100E-001,2.184382352E-022
        31,0.000000000E+000,1.868750000E-001,0.000000000E+000
        32,9.794447158E-002,1.878815348E-001,2.833442630E-024
        33,0.000000000E+000,9.343750000E-002,0.000000000E+000
        34,9.903156835E-002,9.396601986E-002,2.714661427E-026
        35,1.000000000E-001,0.000000000E+000,2.949357080E-028
        36,1.296169358E-001,1.544792676E+000,1.930990964E-001
        37,8.791972767E-002,1.609006182E+000,1.316412091E-001
        38,0.000000000E+000,1.604666667E+000,0.000000000E+000
        39,0.000000000E+000,1.704333333E+000,0.000000000E+000
        40,1.080148662E-001,1.444755429E+000,1.137307361E-001
        41,1.467218116E-001,1.365526554E+000,5.063252524E-002
        42,2.004344076E-001,1.258945830E+000,1.728701778E-002
        43,1.903731293E-001,1.134177214E+000,3.828133340E-004
        44,1.850594977E-001,1.033369404E+000,3.775634525E-007
        45,1.831936565E-001,9.384875433E-001,9.901389708E-010
        46,1.832964667E-001,8.449589326E-001,1.279682523E-011
        47,1.842018722E-001,7.514773118E-001,1.946217032E-013
        48,1.855417882E-001,6.579176590E-001,3.360282828E-015
        49,1.872827760E-001,5.643401717E-001,7.888540922E-017
        50,1.894343189E-001,4.707069784E-001,1.763309597E-018
        51,1.918078477E-001,3.769321486E-001,3.454669099E-020
        52,1.941776018E-001,2.829466657E-001,5.558640085E-022
        53,1.963314809E-001,1.887738361E-001,6.943597864E-024
        54,1.982661708E-001,9.442722923E-002,6.489544515E-026
        55,2.000000000E-001,0.000000000E+000,7.693954831E-028
        56,0.000000000E+000,2.900333333E+000,0.000000000E+000
        57,9.968951002E-002,2.900279686E+000,2.402169726E-033
        58,1.000000000E-001,3.000000000E+000,0.000000000E+000
        59,0.000000000E+000,2.800666667E+000,0.000000000E+000
        60,9.938784282E-002,2.800496682E+000,2.571913461E-031
        61,0.000000000E+000,2.701000000E+000,0.000000000E+000
        62,9.904535511E-002,2.700651168E+000,1.168358705E-029
        63,0.000000000E+000,2.601333333E+000,0.000000000E+000
        64,9.863369449E-002,2.600771921E+000,2.738319454E-028
        65,0.000000000E+000,2.501666667E+000,0.000000000E+000
        66,9.813047639E-002,2.500887636E+000,4.190746522E-027
        67,0.000000000E+000,2.402000000E+000,0.000000000E+000
        68,9.753055251E-002,2.401241585E+000,1.611807227E-026
        69,0.000000000E+000,2.302333333E+000,0.000000000E+000
        70,9.675921123E-002,2.301982994E+000,1.205634225E-026
        71,0.000000000E+000,2.202666667E+000,0.000000000E+000
        72,9.581920229E-002,2.203473636E+000,0.000000000E+000
        73,0.000000000E+000,2.103000000E+000,0.000000000E+000
        74,9.492835950E-002,2.105973350E+000,0.000000000E+000
        75,0.000000000E+000,2.003333333E+000,0.000000000E+000
        76,9.516299480E-002,2.010171472E+000,0.000000000E+000
        77,0.000000000E+000,1.903666667E+000,0.000000000E+000
        78,9.773096928E-002,1.916072999E+000,2.588684267E-010
        79,0.000000000E+000,1.804000000E+000,0.000000000E+000
        80,1.046013373E-001,1.823884243E+000,2.647546349E-010
        81,1.210841388E-001,1.734513284E+000,7.302212180E-005
        82,1.585703802E-001,1.651170293E+000,9.339061379E-002
        83,1.932784265E-001,1.581416991E+000,1.624960899E-001
        84,1.689688396E-001,1.480310834E+000,1.451630145E-001
        85,2.278424348E-001,1.518248758E+000,1.515428573E-001
        86,3.000000000E-001,0.000000000E+000,1.455618045E-027
        87,2.977260861E-001,9.484802243E-002,1.152045810E-025
        88,4.000000000E-001,0.000000000E+000,2.584139999E-027
        89,3.975684519E-001,9.514614137E-002,7.917132537E-026
        90,5.000000000E-001,0.000000000E+000,1.662273794E-027
        91,4.976510431E-001,9.537715493E-002,7.210259548E-027
        92,6.000000000E-001,0.000000000E+000,5.221842082E-025
        93,5.978152136E-001,9.558791154E-002,5.911666826E-023
        94,7.000000000E-001,0.000000000E+000,2.270949581E-023
        95,6.979197474E-001,9.590817765E-002,3.386631918E-021
        96,8.000000000E-001,0.000000000E+000,3.004239306E-022
        97,7.979717994E-001,9.642282942E-002,2.683592496E-020
        98,9.000000000E-001,0.000000000E+000,1.838923880E-021
        99,8.980519089E-001,9.710150517E-002,1.088666492E-019
       100,1.000000000E+000,0.000000000E+000,7.898441516E-021
       101,9.982132645E-001,9.782740336E-002,3.224716055E-019
       102,1.100000000E+000,0.000000000E+000,2.826344644E-020
       103,1.098453615E+000,9.848489320E-002,8.625868896E-019
       104,1.200000000E+000,0.000000000E+000,8.859000963E-020
       105,1.198737675E+000,9.900852077E-002,2.275719863E-018
       106,1.300000000E+000,0.000000000E+000,2.518975121E-019
       107,1.299024051E+000,9.938533769E-002,5.907937761E-018
       108,1.400000000E+000,0.000000000E+000,6.995198641E-019
       109,1.399281227E+000,9.963548423E-002,1.541392342E-017
       110,1.500000000E+000,0.000000000E+000,1.933500974E-018
       111,1.499492670E+000,9.979136044E-002,4.073273579E-017
       112,1.600000000E+000,0.000000000E+000,5.308384018E-018
       113,1.599654958E+000,9.988392508E-002,1.084234532E-016
       114,1.700000000E+000,0.000000000E+000,1.444936796E-017
       115,1.699772883E+000,9.993690568E-002,2.894358168E-016
       116,1.800000000E+000,0.000000000E+000,3.889035641E-017
       117,1.799854782E+000,9.996636617E-002,7.718225096E-016
       118,1.900000000E+000,0.000000000E+000,1.033150372E-016
       119,1.899909506E+000,9.998239816E-002,2.048699320E-015
       120,2.000000000E+000,0.000000000E+000,2.709784924E-016
       121,1.999944893E+000,9.999098639E-002,5.401876388E-015
       122,2.100000000E+000,0.000000000E+000,7.038276280E-016
       123,2.099967182E+000,9.999551215E-002,1.443001263E-014
       124,2.200000000E+000,0.000000000E+000,1.856695585E-015
       125,2.199981034E+000,9.999784248E-002,3.934535464E-014
       126,2.300000000E+000,0.000000000E+000,5.015240576E-015
       127,2.299989917E+000,9.999899015E-002,1.089546883E-013
       128,2.400000000E+000,0.000000000E+000,1.381250190E-014
       129,2.399996661E+000,9.999937915E-002,3.039680324E-013
       130,2.500000000E+000,0.000000000E+000,3.852922823E-014
       131,2.500004052E+000,9.999862817E-002,8.466695769E-013
       132,2.600000000E+000,0.000000000E+000,1.080233789E-013
       133,2.600015173E+000,9.999468687E-002,2.334596275E-012
       134,2.700000000E+000,0.000000000E+000,3.027465973E-013
       135,2.700033061E+000,9.998270116E-002,6.345766360E-012
       136,2.800000000E+000,0.000000000E+000,8.512781409E-013
       137,2.800059118E+000,9.995543823E-002,1.711205309E-011
       138,2.900000000E+000,0.000000000E+000,2.448145636E-012
       139,2.900091295E+000,9.990754210E-002,4.679732643E-011
       140,3.000000000E+000,0.000000000E+000,7.433415862E-012
       141,3.000124616E+000,9.984219836E-002,1.340262207E-010
       142,3.100000000E+000,0.000000000E+000,2.442678004E-011
       143,3.100155835E+000,9.977231454E-002,4.102259088E-010
       144,3.200000000E+000,0.000000000E+000,8.647847022E-011
       145,3.200188553E+000,9.970956414E-002,1.327629340E-009
       146,3.300000000E+000,0.000000000E+000,3.199976117E-010
       147,3.300226727E+000,9.965786037E-002,4.428667655E-009
       148,3.400000000E+000,0.000000000E+000,1.200932909E-009
       149,3.400265797E+000,9.961185986E-002,1.484638457E-008
       150,3.500000000E+000,0.000000000E+000,4.441512935E-009
       151,3.500291344E+000,9.958507260E-002,4.895390759E-008
       152,3.600000000E+000,0.000000000E+000,1.579482856E-008
       153,3.600285496E+000,9.958844769E-002,1.558274363E-007
       154,3.700000000E+000,0.000000000E+000,5.294186778E-008
       155,3.700246380E+000,9.963106929E-002,4.713174349E-007
       156,3.800000000E+000,0.000000000E+000,1.662596674E-007
       157,3.800187134E+000,9.970972574E-002,1.344327302E-006
       158,3.900000000E+000,0.000000000E+000,4.859913361E-007
       159,3.900100009E+000,9.983971998E-002,3.546690095E-006
       160,4.000000000E+000,1.000000000E-001,5.110714937E-006
       161,3.900000000E+000,3.000000000E+000,2.068837603E-006
       162,3.900094140E+000,2.900145918E+000,1.293877358E-005
       163,4.000000000E+000,2.900000000E+000,1.860000339E-005
       164,3.800000000E+000,3.000000000E+000,7.115824587E-007
       165,3.800157179E+000,2.900240848E+000,4.957429610E-006
       166,3.700000000E+000,3.000000000E+000,2.290674530E-007
       167,3.700202010E+000,2.900293312E+000,1.769709684E-006
       168,3.600000000E+000,3.000000000E+000,6.977347056E-008
       169,3.600225842E+000,2.900298548E+000,6.006183639E-007
       170,3.500000000E+000,3.000000000E+000,2.061314675E-008
       171,3.500225004E+000,2.900274724E+000,1.986006311E-007
       172,3.400000000E+000,3.000000000E+000,6.062544244E-009
       173,3.400201257E+000,2.900242942E+000,6.543934461E-008
       174,3.300000000E+000,3.000000000E+000,1.827580198E-009
       175,3.300167765E+000,2.900215022E+000,2.200622085E-008
       176,3.200000000E+000,3.000000000E+000,5.810226189E-010
       177,3.200138226E+000,2.900188571E+000,7.710951877E-009
       178,3.100000000E+000,3.000000000E+000,1.986231596E-010
       179,3.100116277E+000,2.900155914E+000,2.848986380E-009
       180,3.000000000E+000,3.000000000E+000,7.288722403E-011
       181,3.000097537E+000,2.900116914E+000,1.105644243E-009
       182,2.900000000E+000,3.000000000E+000,2.807111488E-011
       183,2.900078472E+000,2.900078738E+000,4.426726485E-010
       184,2.800000000E+000,3.000000000E+000,1.102484076E-011
       185,2.800059428E+000,2.900047992E+000,1.788282300E-010
       186,2.700000000E+000,3.000000000E+000,4.316114740E-012
       187,2.700042291E+000,2.900026822E+000,7.155113307E-011
       188,2.600000000E+000,3.000000000E+000,1.658570959E-012
       189,2.600028317E+000,2.900013927E+000,2.797291045E-011
       190,2.500000000E+000,3.000000000E+000,6.185293163E-013
       191,2.500017483E+000,2.900006812E+000,1.057477890E-011
       192,2.400000000E+000,3.000000000E+000,2.217397137E-013
       193,2.400008448E+000,2.900003261E+000,3.832067910E-012
       194,2.300000000E+000,3.000000000E+000,7.576844561E-014
       195,2.299998257E+000,2.900001860E+000,1.321130596E-012
       196,2.200000000E+000,3.000000000E+000,2.450828338E-014
       197,2.199981402E+000,2.900002095E+000,4.309617984E-013
       198,2.100000000E+000,3.000000000E+000,7.445705904E-015
       199,2.099948438E+000,2.900004756E+000,1.329901900E-013
       200,2.000000000E+000,3.000000000E+000,2.094969130E-015
       201,1.999885164E+000,2.900013839E+000,3.908240512E-014
       202,1.900000000E+000,3.000000000E+000,5.524950275E-016
       203,1.899774685E+000,2.900041533E+000,1.107343282E-014
       204,1.800000000E+000,3.000000000E+000,1.414455686E-016
       205,1.799606094E+000,2.900116818E+000,3.132025872E-015
       206,1.700000000E+000,3.000000000E+000,3.621366612E-017
       207,1.699391000E+000,2.900290082E+000,8.733631252E-016
       208,1.600000000E+000,3.000000000E+000,8.481978657E-018
       209,1.599182040E+000,2.900617639E+000,2.094996102E-016
       210,1.500000000E+000,3.000000000E+000,1.436499326E-018
       211,1.499084022E+000,2.901111762E+000,3.575309858E-017
       212,1.400000000E+000,3.000000000E+000,1.305374759E-019
       213,1.399221828E+000,2.901666142E+000,3.373166644E-018
       214,1.300000000E+000,3.000000000E+000,4.966138347E-021
       215,1.299616206E+000,2.902054052E+000,1.527218007E-019
       216,1.200000000E+000,3.000000000E+000,3.373702627E-022
       217,1.200111346E+000,2.902087791E+000,1.125801376E-020
       218,1.100000000E+000,3.000000000E+000,5.020721324E-023
       219,1.100503248E+000,2.901786895E+000,1.615383368E-021
       220,1.000000000E+000,3.000000000E+000,7.601906234E-024
       221,1.000688193E+000,2.901328335E+000,2.447483999E-022
       222,9.000000000E-001,3.000000000E+000,1.087003292E-024
       223,9.006712516E-001,2.900879493E+000,3.535392165E-023
       224,8.000000000E-001,3.000000000E+000,1.381742631E-025
       225,8.005026503E-001,2.900506436E+000,4.601586588E-024
       226,7.000000000E-001,3.000000000E+000,1.501107855E-026
       227,7.002303127E-001,2.900191369E+000,5.205540765E-025
       228,6.000000000E-001,3.000000000E+000,1.337080908E-027
       229,5.999199813E-001,2.899987133E+000,4.951793609E-026
       230,5.000000000E-001,3.000000000E+000,9.185342499E-029
       231,4.996321214E-001,2.899905558E+000,3.780399029E-027
       232,4.000000000E-001,3.000000000E+000,4.365488478E-030
       233,3.994465926E-001,2.899938034E+000,2.177969896E-028
       234,3.000000000E-001,3.000000000E+000,1.102994796E-031
       235,2.993973557E-001,2.900035214E+000,8.609015937E-030
       236,2.000000000E-001,3.000000000E+000,0.000000000E+000
       237,1.994911393E-001,2.900157643E+000,1.976115795E-031
       238,4.000000000E+000,2.000000000E-001,3.907489372E-005
       239,3.900168512E+000,1.997191324E-001,2.769049934E-005
       240,4.000000000E+000,3.000000000E-001,2.000192617E-004
       241,3.900176137E+000,2.996799739E-001,1.445532980E-004
       242,4.000000000E+000,4.000000000E-001,7.530267467E-004
       243,3.900150609E+000,3.997003350E-001,5.557709956E-004
       244,4.000000000E+000,5.000000000E-001,2.198477974E-003
       245,3.900115640E+000,4.997610660E-001,1.662122901E-003
       246,4.000000000E+000,6.000000000E-001,5.163618363E-003
       247,3.900084725E+000,5.998498549E-001,4.012771416E-003
       248,4.000000000E+000,7.000000000E-001,1.010372583E-002
       249,3.900065892E+000,6.999695734E-001,8.087509312E-003
       250,4.000000000E+000,8.000000000E-001,1.714785211E-002
       251,3.900072366E+000,8.001378625E-001,1.413610764E-002
       252,4.000000000E+000,9.000000000E-001,2.635529265E-002
       253,3.900141582E+000,9.003756823E-001,2.237005904E-002
       254,4.000000000E+000,1.000000000E+000,3.796987236E-002
       255,3.900345746E+000,1.000685629E+000,3.326810896E-002
       256,4.000000000E+000,1.100000000E+000,5.211676657E-002
       257,3.900770783E+000,1.101018099E+000,4.732108861E-002
       258,4.000000000E+000,1.200000000E+000,6.816114485E-002
       259,3.901447948E+000,1.201238583E+000,6.414179504E-002
       260,4.000000000E+000,1.300000000E+000,8.440481126E-002
       261,3.902256695E+000,1.301175284E+000,8.180374652E-002
       262,4.000000000E+000,1.400000000E+000,9.891375899E-002
       263,3.902915168E+000,1.400771367E+000,9.782531112E-002
       264,4.000000000E+000,1.500000000E+000,1.111219302E-001
       265,3.903163020E+000,1.500161864E+000,1.109353751E-001
       266,4.000000000E+000,1.600000000E+000,1.112805605E-001
       267,3.902944890E+000,1.599568169E+000,1.107987389E-001
       268,4.000000000E+000,1.700000000E+000,9.736784548E-002
       269,3.902400769E+000,1.699157935E+000,9.519117326E-002
       270,4.000000000E+000,1.800000000E+000,7.904195040E-002
       271,3.901743861E+000,1.798987992E+000,7.456691563E-002
       272,4.000000000E+000,1.900000000E+000,6.010029837E-002
       273,3.901146957E+000,1.899020051E+000,5.424303934E-002
       274,4.000000000E+000,2.000000000E+000,4.376520962E-002
       275,3.900693811E+000,1.999174306E+000,3.804080561E-002
       276,4.000000000E+000,2.100000000E+000,3.118339926E-002
       277,3.900393477E+000,2.099379111E+000,2.648542635E-002
       278,4.000000000E+000,2.200000000E+000,2.177424729E-002
       279,3.900219255E+000,2.199592353E+000,1.821626350E-002
       280,4.000000000E+000,2.300000000E+000,1.438910607E-002
       281,3.900138689E+000,2.299798657E+000,1.180623379E-002
       282,4.000000000E+000,2.400000000E+000,8.491352201E-003
       283,3.900123237E+000,2.399992767E+000,6.778254639E-003
       284,4.000000000E+000,2.500000000E+000,4.231451079E-003
       285,3.900148478E+000,2.500154266E+000,3.273312934E-003
       286,4.000000000E+000,2.600000000E+000,1.702520414E-003
       287,3.900177348E+000,2.600252070E+000,1.277471078E-003
       288,4.000000000E+000,2.700000000E+000,5.307522952E-004
       289,3.900179788E+000,2.700273570E+000,3.874919494E-004
       290,4.000000000E+000,2.800000000E+000,1.215109442E-004
       291,3.900142999E+000,2.800220634E+000,8.658441948E-005
       292,1.989544834E-001,2.800225521E+000,1.468011963E-029
       293,1.983301160E-001,2.700179011E+000,5.854130807E-028
       294,1.975242659E-001,2.600052021E+000,1.429778651E-026
       295,1.965348445E-001,2.500076192E+000,2.316649299E-025
       296,1.952726864E-001,2.400562325E+000,2.597248011E-024
       297,1.936789641E-001,2.302040329E+000,2.334854730E-024
       298,1.918102686E-001,2.204876022E+000,0.000000000E+000
       299,1.903864765E-001,2.109841308E+000,0.000000000E+000
       300,1.904630273E-001,2.017336676E+000,0.000000000E+000
       301,1.932809427E-001,1.927700161E+000,2.968605362E-010
       302,2.001266700E-001,1.840989260E+000,3.941858751E-008
       303,2.138484590E-001,1.758218824E+000,9.597568715E-005
       304,2.356730026E-001,1.680938499E+000,7.071936131E-002
       305,2.598258278E-001,1.612050579E+000,1.442821175E-001
       306,2.851072097E-001,1.551775920E+000,1.498117298E-001
       307,2.680671081E-001,1.460667307E+000,1.193359941E-001
       308,3.146932034E-001,1.501963189E+000,1.335062236E-001
       309,2.126271518E-001,1.413382573E+000,9.318941087E-002
       310,3.800294955E+000,1.995187540E-001,1.131391673E-005
       311,3.800318129E+000,2.994394692E-001,6.322113768E-005
       312,3.800285673E+000,3.994652047E-001,2.605155169E-004
       313,3.800229356E+000,4.995750532E-001,8.395449840E-004
       314,3.800177056E+000,5.997588881E-001,2.196687972E-003
       315,3.800148129E+000,7.000285440E-001,4.807129968E-003
       316,3.800178180E+000,8.004130925E-001,9.090623818E-003
       317,3.800346029E+000,9.009324383E-001,1.550981868E-002
       318,3.800783532E+000,1.001558527E+000,2.496971190E-002
       319,3.801634696E+000,1.102159751E+000,3.870498389E-002
       320,3.802928351E+000,1.202472447E+000,5.688884854E-002
       321,3.804407856E+000,1.302228971E+000,7.717371732E-002
       322,3.805566663E+000,1.401396519E+000,9.598246217E-002
       323,3.805979860E+000,1.500235599E+000,1.106712222E-001
       324,3.805571080E+000,1.599119429E+000,1.099680513E-001
       325,3.804582770E+000,1.698333682E+000,9.128458053E-002
       326,3.803381608E+000,1.797984280E+000,6.636664271E-002
       327,3.802272043E+000,1.898016882E+000,4.361939058E-002
       328,3.801411850E+000,1.998300248E+000,2.798320912E-002
       329,3.800830301E+000,2.098705180E+000,1.846930385E-002
       330,3.800487617E+000,2.199144147E+000,1.222904958E-002
       331,3.800323059E+000,2.299570989E+000,7.511017378E-003
       332,3.800280987E+000,2.399951537E+000,3.996517509E-003
       333,3.800301978E+000,2.500241966E+000,1.766678644E-003
       334,3.800326211E+000,2.600406121E+000,6.301607355E-004
       335,3.800317243E+000,2.700452944E+000,1.753540710E-004
       336,3.800252323E+000,2.800374452E+000,3.609868509E-005
       337,3.700341317E+000,2.800483805E+000,1.418820193E-005
       338,3.600389280E+000,2.800510333E+000,5.369396604E-006
       339,3.500392351E+000,2.800495685E+000,1.994578497E-006
       340,3.400359205E+000,2.800468784E+000,7.412507443E-007
       341,3.300315580E+000,2.800441832E+000,2.806859811E-007
       342,3.200281063E+000,2.800403189E+000,1.097451516E-007
       343,3.100254792E+000,2.800340963E+000,4.451683111E-008
       344,3.000225785E+000,2.800260286E+000,1.862193777E-008
       345,2.900189099E+000,2.800178890E+000,7.915218703E-009
       346,2.800148066E+000,2.800111748E+000,3.360447920E-009
       347,2.700108494E+000,2.800064260E+000,1.404047767E-009
       348,2.600074171E+000,2.800034475E+000,5.705926287E-010
       349,2.500045368E+000,2.800017682E+000,2.234232660E-010
       350,2.400018602E+000,2.800009581E+000,8.362157494E-011
       351,2.299986159E+000,2.800007507E+000,2.971408189E-011
       352,2.199934800E+000,2.800010550E+000,9.981393316E-012
       353,2.099844333E+000,2.800020512E+000,3.174114834E-012
       354,1.999688384E+000,2.800046238E+000,9.669284687E-013
       355,1.899441577E+000,2.800113724E+000,2.888404576E-013
       356,1.799097577E+000,2.800280023E+000,8.591662538E-014
       357,1.698696812E+000,2.800636301E+000,2.440366465E-014
       358,1.598353756E+000,2.801274903E+000,5.887618020E-015
       359,1.498263512E+000,2.802194112E+000,1.019282920E-015
       360,1.398607071E+000,2.803177601E+000,1.029808496E-016
       361,1.299354695E+000,2.803826859E+000,5.959450020E-018
       362,1.200229640E+000,2.803859703E+000,5.817979491E-019
       363,1.100916663E+000,2.803336266E+000,8.604691392E-020
       364,1.001242170E+000,2.802536790E+000,1.293617582E-020
       365,9.011834653E-001,2.801691649E+000,1.844639625E-021
       366,8.008136986E-001,2.800871949E+000,2.390139491E-022
       367,7.002697522E-001,2.800205300E+000,2.724487962E-023
       368,5.996536077E-001,2.799772996E+000,2.635902393E-024
       369,4.991255528E-001,2.799617695E+000,2.068407838E-025
       370,3.988115159E-001,2.799691885E+000,1.248974043E-026
       371,2.987647592E-001,2.799914860E+000,5.413092369E-028
       372,2.952133693E-001,1.895484178E-001,1.272616208E-023
       373,3.947602916E-001,1.902136405E-001,8.079720862E-024
       374,4.948308428E-001,1.907611336E-001,6.379466911E-027
       375,5.950785426E-001,1.913140166E-001,8.095456389E-020
       376,6.952880201E-001,1.920526773E-001,7.801107787E-019
       377,7.954649324E-001,1.931143867E-001,3.307111930E-018
       378,8.957253245E-001,1.944249152E-001,8.814934570E-018
       379,9.961347575E-001,1.957918355E-001,1.809347575E-017
       380,1.096676639E+000,1.970262753E-001,3.421550548E-017
       381,1.197285133E+000,1.980168880E-001,6.875873991E-017
       382,1.297886064E+000,1.987392829E-001,1.533706146E-016
       383,1.398423316E+000,1.992275849E-001,3.761252449E-016
       384,1.498867691E+000,1.995392246E-001,9.788961777E-016
       385,1.599213379E+000,1.997301560E-001,2.621795671E-015
       386,1.699469310E+000,1.998439921E-001,7.113331022E-015
       387,1.799651129E+000,1.999107963E-001,1.937230758E-014
       388,1.899775896E+000,1.999497386E-001,5.260872846E-014
       389,1.999859144E+000,1.999723292E-001,1.427534442E-013
       390,2.099913624E+000,1.999852589E-001,3.919296799E-013
       391,2.199949341E+000,1.999924509E-001,1.086395080E-012
       392,2.299974400E+000,1.999961548E-001,3.012455303E-012
       393,2.399996114E+000,1.999970988E-001,8.280624450E-012
       394,2.500021856E+000,1.999935195E-001,2.237848622E-011
       395,2.600058914E+000,1.999790854E-001,5.909352868E-011
       396,2.700112159E+000,1.999414498E-001,1.523496884E-010
       397,2.800179547E+000,1.998658628E-001,3.872655530E-010
       398,2.900249186E+000,1.997467961E-001,9.936718115E-010
       399,3.000304062E+000,1.996015400E-001,2.647833064E-009
       400,3.100338066E+000,1.994669422E-001,7.402211732E-009
       401,3.200365906E+000,1.993750014E-001,2.148631495E-008
       402,3.300402430E+000,1.993142676E-001,6.353708670E-008
       403,3.400442285E+000,1.992789458E-001,1.882136900E-007
       404,3.500459153E+000,1.992752982E-001,5.506470302E-007
       405,3.600433953E+000,1.993165608E-001,1.569551841E-006
       406,3.700365758E+000,1.994098198E-001,4.318198535E-006
       407,2.979507537E-001,2.699646570E+000,2.035695009E-026
       408,2.968600169E-001,2.599333105E+000,4.917787479E-025
       409,2.953960322E-001,2.499298667E+000,8.165272827E-024
       410,2.934737242E-001,2.400217570E+000,9.392982576E-023
       411,2.910611950E-001,2.302530436E+000,8.421119193E-023
       412,2.884597773E-001,2.206948533E+000,0.000000000E+000
       413,2.863530970E-001,2.114013061E+000,8.860519170E-017
       414,2.857670640E-001,2.024312647E+000,1.258205373E-013
       415,2.871243386E-001,1.937732913E+000,3.440692453E-010
       416,2.918748417E-001,1.854753668E+000,1.202695614E-007
       417,3.008688422E-001,1.775480331E+000,1.196640733E-004
       418,3.134836066E-001,1.700780352E+000,6.095741317E-002
       419,3.270287569E-001,1.632592199E+000,1.340366602E-001
       420,3.391260201E-001,1.574064210E+000,1.464184076E-001
       421,3.479658422E-001,1.531523284E+000,1.384380460E-001
       422,3.617348260E-001,1.466005782E+000,1.161558777E-001
       423,3.898576785E-001,1.517789152E+000,1.316567510E-001
       424,3.210895525E-001,1.410468387E+000,9.191866219E-002
       425,2.704922909E-001,1.346282069E+000,5.900204554E-002
       426,3.979633545E-001,2.699241739E+000,4.537426854E-025
       427,3.966680064E-001,2.598794777E+000,1.112043019E-023
       428,3.948224672E-001,2.498930934E+000,1.909991412E-022
       429,3.923318701E-001,2.400233005E+000,2.373467742E-021
       430,3.892601080E-001,2.303562673E+000,2.133295569E-021
       431,3.859809330E-001,2.209427725E+000,0.000000000E+000
       432,3.831476015E-001,2.118332094E+000,5.354595538E-016
       433,3.813248964E-001,2.030507551E+000,5.202604298E-013
       434,3.810954309E-001,1.946106260E+000,5.049987095E-010
       435,3.831262176E-001,1.864777872E+000,2.298155408E-007
       436,3.873750140E-001,1.786272602E+000,1.493765012E-004
       437,3.927703443E-001,1.710969410E+000,5.714124069E-002
       438,3.970979807E-001,1.640107666E+000,1.295987368E-001
       439,3.976089334E-001,1.575100621E+000,1.431307942E-001
       440,4.493197533E-001,1.499636728E+000,1.227663159E-001
       441,4.647419617E-001,1.567344184E+000,1.393450201E-001
       442,4.223072676E-001,1.435140428E+000,1.013180465E-001
       443,3.871803627E-001,1.369336740E+000,7.424110919E-002
       444,3.474214742E-001,1.297449045E+000,4.284185544E-002
       445,3.082031595E-001,1.213640141E+000,1.287141629E-002
       446,2.871810761E-001,1.118925672E+000,3.257336211E-004
       447,2.768206394E-001,1.027048905E+000,5.526222253E-007
       448,2.737590934E-001,9.367464923E-001,1.330133004E-009
       449,2.744436692E-001,8.457789070E-001,1.361293803E-011
       450,2.766607356E-001,7.535570428E-001,2.057011652E-013
       451,2.794612963E-001,6.604288295E-001,3.796770552E-015
       452,2.826227180E-001,5.667629821E-001,1.178271931E-016
       453,2.859902498E-001,4.727786275E-001,3.191251223E-018
       454,2.893683715E-001,3.785388669E-001,6.735789889E-020
       455,2.925078630E-001,2.840918062E-001,1.065419938E-021
       456,3.700415317E+000,2.700552786E+000,7.570416346E-005
       457,3.600476579E+000,2.700593218E+000,3.181802458E-005
       458,3.500488474E+000,2.700608294E+000,1.323360448E-005
       459,3.400465070E+000,2.700615968E+000,5.529484952E-006
       460,3.300437622E+000,2.700614635E+000,2.349687520E-006
       461,3.200422333E+000,2.700584284E+000,1.021523985E-006
       462,3.100408116E+000,2.700507705E+000,4.539621159E-007
       463,3.000378169E+000,2.700397403E+000,2.046531620E-007
       464,2.900328016E+000,2.700280835E+000,9.250447164E-008
       465,2.800264944E+000,2.700180967E+000,4.139271681E-008
       466,2.700199274E+000,2.700107674E+000,1.813103090E-008
       467,2.600137715E+000,2.700060250E+000,7.700818649E-009
       468,2.500080687E+000,2.700033583E+000,3.145720795E-009
       469,2.400021775E+000,2.700022847E+000,1.226979296E-009
       470,2.299947591E+000,2.700025071E+000,4.542473619E-010
       471,2.199837128E+000,2.700038930E+000,1.591511506E-010
       472,2.099661675E+000,2.700066484E+000,5.296537514E-011
       473,1.999388936E+000,2.700120553E+000,1.697494055E-011
       474,1.898996356E+000,2.700239379E+000,5.342626081E-012
       475,1.798496385E+000,2.700503060E+000,1.654759988E-012
       476,1.697968438E+000,2.701033020E+000,4.807612641E-013
       477,1.597583928E+000,2.701939893E+000,1.180170328E-013
       478,1.497586374E+000,2.703190366E+000,2.117778033E-014
       479,1.398144354E+000,2.704466346E+000,2.376811508E-015
       480,1.299159966E+000,2.705269023E+000,1.820998679E-016
       481,1.200286711E+000,2.705295141E+000,2.303800907E-017
       482,1.101132423E+000,2.704638591E+000,3.492883047E-018
       483,1.001445668E+000,2.703542123E+000,5.162460569E-019
       484,9.012237427E-001,2.702220874E+000,7.168407288E-020
       485,8.006269442E-001,2.700976130E+000,9.065683025E-021
       486,6.997999774E-001,2.699961925E+000,1.012097283E-021
       487,5.989356032E-001,2.699362399E+000,9.619064431E-023
       488,4.982645752E-001,2.699145901E+000,7.482165037E-024
       489,3.700415468E+000,2.992880899E-001,2.616477468E-005
       490,3.700385585E+000,3.993076003E-001,1.168983072E-004
       491,3.700322199E+000,4.994604667E-001,4.095304175E-004
       492,3.700261364E+000,5.997498123E-001,1.168941380E-003
       493,3.700238358E+000,7.002012787E-001,2.794689499E-003
       494,3.700312427E+000,8.008381655E-001,5.758165848E-003
       495,3.700598894E+000,9.016520292E-001,1.067597605E-002
       496,3.701274089E+000,1.002554849E+000,1.879409514E-002
       497,3.702517104E+000,1.103321633E+000,3.207987547E-002
       498,3.704327391E+000,1.203601578E+000,5.130314827E-002
       499,3.706318877E+000,1.303111245E+000,7.372330129E-002
       500,3.707829246E+000,1.401876097E+000,9.474522620E-002
       501,3.708344387E+000,1.500245406E+000,1.105588973E-001
       502,3.707784876E+000,1.598686607E+000,1.094008014E-001
       503,3.706460653E+000,1.697564242E+000,8.833175898E-002
       504,3.704839416E+000,1.797028803E+000,5.986583605E-002
       505,3.703318488E+000,1.897031855E+000,3.534227610E-002
       506,3.702116231E+000,1.997416145E+000,2.062661946E-002
       507,3.701285934E+000,2.098009809E+000,1.292576827E-002
       508,3.700783340E+000,2.198678746E+000,8.192259818E-003
       509,3.700533478E+000,2.299325106E+000,4.708378110E-003
       510,3.700447986E+000,2.399873809E+000,2.297245432E-003
       511,3.700439668E+000,2.500262037E+000,9.230847936E-004
       512,3.700432483E+000,2.600457303E+000,2.990505891E-004
       513,3.915787197E-001,2.851949016E-001,6.874828631E-022
       514,4.914199435E-001,2.862323686E-001,0.000000000E+000
       515,5.916253743E-001,2.873047153E-001,2.051932021E-017
       516,6.919222226E-001,2.886349581E-001,1.056756982E-016
       517,7.923114341E-001,2.902865242E-001,2.815628573E-016
       518,8.928724006E-001,2.921572564E-001,5.246388138E-016
       519,9.936377030E-001,2.940454974E-001,8.041747742E-016
       520,1.094570685E+000,2.957237441E-001,1.148077245E-015
       521,1.195569828E+000,2.970755729E-001,1.720571779E-015
       522,1.296531950E+000,2.980772816E-001,3.021219774E-015
       523,1.397383669E+000,2.987707665E-001,6.521069068E-015
       524,1.498089148E+000,2.992274794E-001,1.632916892E-014
       525,1.598643361E+000,2.995189139E-001,4.400801013E-014
       526,1.699060423E+000,2.997020979E-001,1.223256793E-013
       527,1.799363376E+000,2.998170369E-001,3.430115350E-013
       528,1.899577322E+000,2.998894763E-001,9.579669957E-013
       529,1.999725338E+000,2.999350582E-001,2.676657724E-012
       530,2.099826851E+000,2.999632528E-001,7.488337207E-012
       531,2.199898016E+000,2.999800257E-001,2.080690134E-011
       532,2.299953043E+000,2.999889143E-001,5.690413071E-011
       533,2.400005446E+000,2.999905391E-001,1.520444881E-010
       534,2.500068216E+000,2.999804743E-001,3.946309668E-010
       535,2.600151610E+000,2.999462772E-001,9.919682853E-010
       536,2.700257546E+000,2.998675224E-001,2.421955525E-009
       537,2.800372814E+000,2.997250623E-001,5.818198368E-009
       538,2.900467764E+000,2.995225984E-001,1.406213190E-008
       539,3.000513086E+000,2.993052277E-001,3.477659050E-008
       540,3.100511994E+000,2.991495939E-001,8.831714382E-008
       541,3.200499655E+000,2.990734741E-001,2.284748604E-007
       542,3.300504522E+000,2.990602438E-001,5.965011951E-007
       543,3.400515591E+000,2.990792930E-001,1.560010560E-006
       544,3.500508245E+000,2.991263851E-001,4.057616934E-006
       545,3.600463458E+000,2.992090402E-001,1.042620170E-005
       546,4.721126766E-001,1.638865488E+000,1.284553558E-001
       547,5.395605769E-001,1.554011448E+000,1.346589476E-001
       548,5.526039781E-001,1.631645242E+000,1.284959912E-001
       549,5.197386622E-001,1.479332980E+000,1.147389784E-001
       550,4.929680709E-001,1.407345018E+000,9.003217518E-002
       551,4.615623514E-001,1.335502731E+000,6.184075400E-002
       552,4.285711989E-001,1.261045058E+000,3.267372400E-002
       553,3.982866014E-001,1.182021673E+000,9.320473298E-003
       554,3.762138811E-001,1.099711657E+000,2.658201847E-004
       555,3.632779500E-001,1.017795876E+000,6.861014299E-007
       556,3.614107053E-001,9.343688969E-001,1.849646436E-009
       557,3.645882174E-001,8.470983668E-001,1.534216504E-011
       558,3.693459646E-001,7.564559599E-001,2.608046429E-013
       559,3.743481948E-001,6.636497735E-001,7.555821881E-015
       560,3.792017318E-001,5.696545519E-001,2.672437124E-016
       561,3.837936247E-001,4.750491151E-001,2.060489328E-018
       562,3.879999454E-001,3.801573134E-001,4.410222326E-020
       563,3.600443855E+000,3.992170555E-001,5.104379670E-005
       564,3.600383937E+000,4.994048493E-001,1.961002272E-004
       565,3.600329802E+000,5.998070159E-001,6.145768566E-004
       566,3.600328779E+000,7.004525266E-001,1.613643486E-003
       567,3.600464070E+000,8.013488723E-001,3.643165343E-003
       568,3.600879198E+000,9.024346202E-001,7.395335007E-003
       569,3.601782637E+000,1.003546964E+000,1.437871065E-002
       570,3.603364102E+000,1.104383079E+000,2.722632140E-002
       571,3.605570794E+000,1.204558048E+000,4.721233994E-002
       572,3.607914873E+000,1.303816878E+000,7.124018669E-002
       573,3.609651878E+000,1.402239616E+000,9.390514344E-002
       574,3.610229775E+000,1.500228342E+000,1.105084121E-001
       575,3.609569803E+000,1.598304294E+000,1.090109348E-001
       576,3.608017205E+000,1.696886002E+000,8.619147539E-002
       577,3.606096786E+000,1.796167262E+000,5.504740775E-002
       578,3.604264914E+000,1.896120537E+000,2.931809984E-002
       579,3.602784145E+000,1.996583070E+000,1.550576463E-002
       580,3.601731078E+000,2.097353749E+000,9.176672436E-003
       581,3.601078781E+000,2.198239494E+000,5.504806060E-003
       582,3.600737330E+000,2.299088742E+000,2.930213464E-003
       583,3.600593147E+000,2.399780757E+000,1.303944970E-003
       584,3.600542146E+000,2.500250532E+000,4.747888306E-004
       585,3.600506743E+000,2.600489484E+000,1.390957041E-004
       586,3.500534897E+000,2.600538816E+000,6.444412429E-005
       587,3.400533554E+000,2.600582977E+000,3.011026638E-005
       588,3.300535705E+000,2.600620613E+000,1.426084145E-005
       589,3.200548171E+000,2.600617815E+000,6.850526916E-006
       590,3.100552271E+000,2.600559104E+000,3.321475333E-006
       591,3.000528326E+000,2.600453100E+000,1.612393248E-006
       592,2.900471272E+000,2.600332603E+000,7.760937706E-007
       593,2.800390330E+000,2.600223900E+000,3.670589876E-007
       594,2.700298454E+000,2.600140165E+000,1.692183247E-007
       595,2.600203842E+000,2.600084543E+000,7.551258818E-008
       596,2.500106214E+000,2.600055832E+000,3.240764457E-008
       597,2.399996451E+000,2.600052550E+000,1.329392596E-008
       598,2.299857398E+000,2.600073215E+000,5.186335361E-009
       599,2.199663995E+000,2.600115406E+000,1.921367732E-009
       600,2.099384481E+000,2.600179319E+000,6.793797191E-010
       601,1.998988013E+000,2.600279439E+000,2.321626780E-010
       602,1.898463597E+000,2.600463449E+000,7.762388649E-011
       603,1.797849693E+000,2.600829368E+000,2.521249008E-011
       604,1.697263946E+000,2.601517391E+000,7.602325887E-012
       605,1.596913986E+000,2.602636000E+000,1.952225274E-012
       606,1.497041903E+000,2.604105675E+000,3.779531484E-013
       607,1.397761902E+000,2.605540065E+000,4.834366008E-014
       608,1.298908972E+000,2.606417617E+000,4.683729668E-015
       609,1.200038888E+000,2.606471185E+000,7.045617938E-016
       610,1.100722008E+000,2.605683678E+000,1.077082464E-016
       611,1.000783160E+000,2.604238128E+000,1.553464050E-017
       612,9.003017814E-001,2.602631434E+000,2.060269919E-018
       613,7.994717166E-001,2.601053837E+000,2.501499379E-019
       614,6.984415201E-001,2.599888968E+000,2.680949719E-020
       615,5.974892103E-001,2.599130473E+000,2.443286350E-021
       616,4.968448438E-001,2.598833272E+000,1.830524594E-022
       617,4.873594380E-001,3.818559458E-001,5.561181994E-018
       618,5.873412594E-001,3.837337068E-001,2.473880425E-015
       619,6.877003496E-001,3.858429683E-001,9.192350521E-015
       620,7.883545030E-001,3.881039230E-001,1.706174061E-014
       621,8.893104283E-001,3.904672470E-001,2.368513168E-014
       622,9.905527103E-001,3.926624725E-001,2.932092638E-014
       623,1.091996929E+000,3.945907660E-001,3.480498021E-014
       624,1.193487100E+000,3.961682561E-001,4.241107858E-014
       625,1.294885667E+000,3.973682199E-001,5.873907182E-014
       626,1.396106063E+000,3.982283732E-001,1.035455630E-013
       627,1.497112773E+000,3.988199309E-001,2.330521572E-013
       628,1.597907450E+000,3.992177760E-001,6.094064598E-013
       629,1.698513170E+000,3.994839223E-001,1.702070017E-012
       630,1.798962351E+000,3.996630625E-001,4.845555814E-012
       631,1.899288853E+000,3.997844786E-001,1.377822422E-011
       632,1.999523441E+000,3.998664109E-001,3.906550083E-011
       633,2.099692547E+000,3.999204764E-001,1.094527177E-010
       634,2.199819246E+000,3.999544480E-001,2.998578053E-010
       635,2.299924722E+000,3.999729627E-001,7.974388927E-010
       636,2.400028832E+000,3.999761594E-001,2.048759162E-009
       637,2.500148414E+000,3.999565133E-001,5.071375320E-009
       638,2.600292213E+000,3.998959761E-001,1.210317091E-008
       639,2.700453100E+000,3.997689322E-001,2.804716992E-008
       640,2.800600951E+000,3.995601602E-001,6.400232166E-008
       641,2.900690382E+000,3.992976798E-001,1.456893983E-007
       642,3.000695776E+000,3.990761911E-001,3.332962137E-007
       643,3.100640766E+000,3.989573357E-001,7.660527785E-007
       644,3.200579577E+000,3.989550377E-001,1.765445404E-006
       645,3.300539840E+000,3.990142588E-001,4.078030543E-006
       646,3.400513146E+000,3.990917580E-001,9.448629498E-006
       647,3.500476470E+000,3.991715169E-001,2.198444781E-005
       648,4.948028977E-001,2.499048866E+000,3.236975235E-021
       649,4.919167105E-001,2.400908831E+000,4.136358658E-020
       650,4.883427382E-001,2.305126064E+000,1.581622969E-019
       651,4.844588315E-001,2.212211763E+000,1.164264984E-019
       652,4.808359199E-001,2.122476153E+000,3.377703331E-015
       653,4.779317122E-001,2.035919122E+000,3.021069289E-012
       654,4.760390607E-001,1.952219605E+000,2.775744967E-009
       655,4.753227902E-001,1.870699889E+000,2.592153578E-006
       656,4.753622213E-001,1.791026703E+000,2.705346094E-003
       657,4.749707138E-001,1.713340240E+000,5.935925990E-002
       658,5.603800603E-001,1.710453598E+000,6.716442108E-002
       659,6.369669128E-001,1.619575243E+000,1.284429729E-001
       660,6.488820107E-001,1.703163104E+000,7.736277580E-002
       661,6.199844122E-001,1.537592458E+000,1.295736581E-001
       662,5.976137048E-001,1.458436107E+000,1.073385999E-001
       663,5.706621824E-001,1.381604337E+000,8.074404299E-002
       664,5.411265051E-001,1.306054719E+000,5.229312181E-002
       665,5.111839277E-001,1.230286722E+000,2.551342174E-002
       666,4.828119904E-001,1.154038719E+000,6.669724826E-003
       667,4.581830054E-001,1.079351737E+000,1.840536133E-004
       668,4.403502601E-001,1.008946706E+000,7.938915587E-007
       669,4.449216954E-001,9.345308792E-001,3.060268705E-009
       670,4.538557695E-001,8.507884445E-001,1.689507562E-010
       671,4.626310304E-001,7.609599868E-001,1.476382211E-011
       672,4.703002289E-001,6.678186220E-001,8.356885062E-013
       673,4.768985465E-001,5.730677084E-001,3.034764890E-014
       674,4.825654913E-001,4.775900603E-001,7.798529113E-016
       675,3.500429365E+000,4.993855967E-001,9.339483950E-005
       676,3.500391778E+000,5.998835588E-001,3.232558665E-004
       677,3.500425144E+000,7.007126379E-001,9.358131792E-004
       678,3.500628679E+000,8.018427337E-001,2.325409791E-003
       679,3.501175164E+000,9.031613092E-001,5.209154915E-003
       680,3.502290759E+000,1.004427745E+000,1.130596176E-002
       681,3.504153646E+000,1.105284356E+000,2.382268198E-002
       682,3.506651156E+000,1.205341934E+000,4.435787350E-002
       683,3.509230141E+000,1.304382151E+000,6.950794905E-002
       684,3.511113608E+000,1.402524239E+000,9.333432466E-002
       685,3.511737999E+000,1.500201668E+000,1.104852483E-001
       686,3.511022393E+000,1.597972439E+000,1.087439656E-001
       687,3.509324960E+000,1.696299365E+000,8.469853550E-002
       688,3.507197697E+000,1.795417657E+000,5.169953033E-002
       689,3.505126033E+000,1.895326811E+000,2.517890744E-002
       690,3.503398870E+000,1.995870231E+000,1.201282535E-002
       691,3.502144645E+000,2.096801890E+000,6.618818268E-003
       692,3.501350083E+000,2.197885791E+000,3.712089499E-003
       693,3.500911773E+000,2.298901950E+000,1.821136917E-003
       694,3.500698056E+000,2.399704450E+000,7.390597020E-004
       695,3.500591512E+000,2.500229411E+000,2.438943484E-004
       696,3.400609629E+000,2.500279487E+000,1.263304148E-004
       697,3.300633256E+000,2.500337762E+000,6.612891593E-005
       698,3.200663253E+000,2.500377232E+000,3.484751505E-005
       699,3.100679553E+000,2.500364913E+000,1.836482625E-005
       700,3.000658564E+000,2.500315230E+000,9.598020370E-006
       701,2.900595207E+000,2.500246114E+000,4.935253855E-006
       702,2.800497277E+000,2.500179037E+000,2.479587238E-006
       703,2.700376876E+000,2.500125025E+000,1.210857931E-006
       704,2.600240847E+000,2.500091436E+000,5.720523859E-007
       705,2.500087010E+000,2.500086203E+000,2.602943425E-007
       706,2.399905370E+000,2.500116708E+000,1.135394925E-007
       707,2.299679663E+000,2.500185259E+000,4.729468017E-008
       708,2.199386618E+000,2.500287279E+000,1.880208345E-008
       709,2.098997276E+000,2.500418803E+000,7.168496019E-009
       710,1.998487772E+000,2.500593917E+000,2.646132646E-009
       711,1.897862769E+000,2.500867092E+000,9.535153778E-010
       712,1.797185605E+000,2.501347512E+000,3.343986754E-010
       713,1.696599255E+000,2.502178367E+000,1.113332135E-010
       714,1.596310975E+000,2.503445439E+000,3.303148727E-011
       715,1.496511470E+000,2.505023575E+000,7.680936616E-012
       716,1.397221101E+000,2.506507039E+000,1.145869857E-012
       717,1.298126206E+000,2.507432661E+000,1.049914685E-013
       718,1.198832633E+000,2.507510879E+000,1.687538828E-014
       719,1.099043432E+000,2.506640012E+000,2.591125031E-015
       720,9.987042814E-001,2.505233148E+000,3.390106435E-016
       721,8.979979220E-001,2.503541405E+000,3.060305554E-017
       722,7.970279041E-001,2.502029223E+000,4.642188883E-018
       723,6.959916854E-001,2.500813962E+000,4.990237947E-019
       724,5.951535193E-001,2.499932014E+000,4.344507350E-020
       725,5.821007845E-001,4.804984242E-001,1.835084005E-013
       726,6.823766207E-001,4.835196073E-001,5.225551437E-013
       727,7.832830625E-001,4.864939752E-001,7.456109840E-013
       728,8.847181273E-001,4.890803415E-001,8.419825709E-013
       729,9.865858259E-001,4.913835304E-001,8.977724705E-013
       730,1.088692515E+000,4.934059466E-001,9.718209310E-013
       731,1.190810860E+000,4.951187272E-001,1.176412375E-012
       732,1.292766608E+000,4.964857628E-001,1.633640489E-012
       733,1.394454749E+000,4.975129374E-001,2.658543741E-012
       734,1.495839571E+000,4.982557056E-001,5.045406801E-012
       735,1.596933604E+000,4.987834422E-001,1.075035720E-011
       736,1.697774282E+000,4.991576291E-001,2.541641030E-011
       737,1.798407745E+000,4.994245854E-001,6.534680436E-011
       738,1.898879412E+000,4.996158142E-001,1.780663117E-010
       739,1.999229664E+000,4.997517617E-001,4.911729357E-010
       740,2.099493443E+000,4.998460121E-001,1.330955235E-009
       741,2.199701539E+000,4.999078730E-001,3.497790280E-009
       742,2.299881683E+000,4.999427962E-001,8.860497225E-009
       743,2.400057741E+000,4.999503894E-001,2.157548451E-008
       744,2.500245790E+000,4.999209513E-001,5.051400720E-008
       745,2.600447575E+000,4.998341950E-001,1.143187305E-007
       746,2.700642640E+000,4.996686296E-001,2.522835700E-007
       747,2.800789031E+000,4.994365400E-001,5.461407682E-007
       748,2.900845281E+000,4.992175512E-001,1.164549531E-006
       749,3.000805378E+000,4.990824291E-001,2.449221938E-006
       750,3.100712159E+000,4.990825043E-001,5.089927527E-006
       751,3.200616247E+000,4.991742571E-001,1.049292405E-005
       752,3.300541771E+000,4.992926825E-001,2.158040843E-005
       753,3.400480222E+000,4.993837371E-001,4.468187763E-005
       754,5.920437914E-001,2.402158251E+000,5.431978760E-019
       755,5.880875699E-001,2.307030912E+000,6.072213453E-019
       756,5.836352786E-001,2.214977188E+000,1.654007721E-016
       757,5.792364601E-001,2.125956288E+000,4.006592895E-014
       758,5.752280663E-001,2.039664998E+000,2.539664139E-011
       759,5.717299885E-001,1.955342293E+000,1.707548236E-008
       760,5.686036130E-001,1.872514123E+000,1.150219487E-005
       761,5.652159254E-001,1.790571022E+000,9.609390050E-003
       762,6.567486923E-001,1.786687056E+000,1.917658187E-002
       763,7.389367907E-001,1.691782632E+000,8.682164550E-002
       764,7.497080361E-001,1.779343738E+000,3.000669926E-002
       765,7.240660571E-001,1.604907474E+000,1.277527660E-001
       766,7.044695678E-001,1.519917308E+000,1.244360581E-001
       767,6.804592095E-001,1.437487702E+000,1.005159244E-001
       768,6.534224204E-001,1.357523416E+000,7.281807810E-002
       769,6.250620927E-001,1.279171790E+000,4.454636574E-002
       770,5.963488369E-001,1.201239925E+000,2.004412003E-002
       771,5.668911169E-001,1.124100832E+000,4.861493595E-003
       772,5.348940952E-001,1.052713169E+000,1.164524147E-004
       773,4.993076819E-001,1.002383466E+000,8.466419104E-007
       774,5.257497694E-001,9.431393563E-001,2.659838287E-007
       775,5.447173003E-001,8.594994798E-001,6.690373056E-008
       776,5.579341436E-001,7.676077030E-001,7.496164578E-009
       777,5.678244576E-001,6.729343771E-001,3.370603241E-010
       778,5.756682011E-001,5.770016568E-001,8.745228500E-012
       779,3.400467202E+000,5.999479345E-001,1.714828250E-004
       780,3.400534518E+000,7.009095026E-001,5.484779249E-004
       781,3.400805774E+000,8.022327977E-001,1.505285036E-003
       782,3.401472432E+000,9.037390099E-001,3.756725462E-003
       783,3.402781742E+000,1.005138189E+000,9.205021895E-003
       784,3.404883966E+000,1.106022521E+000,2.153351903E-002
       785,3.407615537E+000,1.205998455E+000,4.246162996E-002
       786,3.410379473E+000,1.304865197E+000,6.833655387E-002
       787,3.412382381E+000,1.402763596E+000,9.294994175E-002
       788,3.413053131E+000,1.500161160E+000,1.104746386E-001
       789,3.412306418E+000,1.597663302E+000,1.085652635E-001
       790,3.410505089E+000,1.695778908E+000,8.369586617E-002
       791,3.408203765E+000,1.794778996E+000,4.951108620E-002
       792,3.405893121E+000,1.894688725E+000,2.245672792E-002
       793,3.403939189E+000,1.995322746E+000,9.619998746E-003
       794,3.402506340E+000,2.096415608E+000,4.835172556E-003
       795,3.401584832E+000,2.197657048E+000,2.509076847E-003
       796,3.401055747E+000,2.298792615E+000,1.134109334E-003
       797,3.400772500E+000,2.399661857E+000,4.211475316E-004
       798,3.300801822E+000,2.399702738E+000,2.414204646E-004
       799,3.200831211E+000,2.399756582E+000,1.386008807E-004
       800,3.100836498E+000,2.399813502E+000,7.912013098E-005
       801,3.000799137E+000,2.399860893E+000,4.456067836E-005
       802,2.900709629E+000,2.399910157E+000,2.458679228E-005
       803,2.800577208E+000,2.399955136E+000,1.321938544E-005
       804,2.700410221E+000,2.399998818E+000,6.898139418E-006
       805,2.600211704E+000,2.400048691E+000,3.483834462E-006
       806,2.499977746E+000,2.400122402E+000,1.698071856E-006
       807,2.399700914E+000,2.400239340E+000,7.963988651E-007
       808,2.299370970E+000,2.400407058E+000,3.586676485E-007
       809,2.198971136E+000,2.400618214E+000,1.553489284E-007
       810,2.098478809E+000,2.400863814E+000,6.523237772E-008
       811,1.997879222E+000,2.401156978E+000,2.700643620E-008
       812,1.897190470E+000,2.401556249E+000,1.131312732E-008
       813,1.796487728E+000,2.402173232E+000,4.912552587E-009
       814,1.695901406E+000,2.403137525E+000,2.183905057E-009
       815,1.595585490E+000,2.404495090E+000,9.119128785E-010
       816,1.495617162E+000,2.406085849E+000,3.074247801E-010
       817,1.395854907E+000,2.407535420E+000,6.726512403E-011
       818,1.296065554E+000,2.408532103E+000,6.124981165E-012
       819,1.196013066E+000,2.408770507E+000,6.306515640E-013
       820,1.095611004E+000,2.408258493E+000,1.039600670E-013
       821,9.949599807E-001,2.407231130E+000,1.336448754E-014
       822,8.941264795E-001,2.406054355E+000,1.064133103E-015
       823,7.932383729E-001,2.404916431E+000,7.596616311E-017
       824,6.924434958E-001,2.403807585E+000,9.278166466E-019
       825,6.756757024E-001,5.812065495E-001,2.129305413E-011
       826,7.768701914E-001,5.846208889E-001,2.529307666E-011
       827,8.789082934E-001,5.872736859E-001,2.586080135E-011
       828,9.814973399E-001,5.895179397E-001,2.643344051E-011
       829,1.084353562E+000,5.915944441E-001,3.088085690E-011
       830,1.187236285E+000,5.935180537E-001,9.087797181E-011
       831,1.289908631E+000,5.951631206E-001,3.178937114E-010
       832,1.392217357E+000,5.964619440E-001,7.482034436E-010
       833,1.494110771E+000,5.974403025E-001,1.304110819E-009
       834,1.595608570E+000,5.981617022E-001,1.939142180E-009
       835,1.696765196E+000,5.986908766E-001,2.732061466E-009
       836,1.797645264E+000,5.990802095E-001,3.940598514E-009
       837,1.898310789E+000,5.993674126E-001,6.158392463E-009
       838,1.998816375E+000,5.995781110E-001,1.073108180E-008
       839,2.099208779E+000,5.997293419E-001,2.071479166E-008
       840,2.199527769E+000,5.998321470E-001,4.290826894E-008
       841,2.299806268E+000,5.998923346E-001,9.192056183E-008
       842,2.400067922E+000,5.999089163E-001,1.981355098E-007
       843,2.500322345E+000,5.998728220E-001,4.242147043E-007
       844,2.600559897E+000,5.997717698E-001,8.978954043E-007
       845,2.700754063E+000,5.996291034E-001,1.863716648E-006
       846,2.800872681E+000,5.995154709E-001,3.771699312E-006
       847,2.900897726E+000,5.994689199E-001,7.424647720E-006
       848,3.000846470E+000,5.995356062E-001,1.424644597E-005
       849,3.100752881E+000,5.996825017E-001,2.678490455E-005
       850,3.200653766E+000,5.998549175E-001,4.968458961E-005
       851,3.300561076E+000,5.999798403E-001,9.196689643E-005
       852,6.626087982E-001,1.870607421E+000,7.903088699E-004
       853,7.573250056E-001,1.865946140E+000,3.612907138E-003
       854,8.431920659E-001,1.768592592E+000,4.082039744E-002
       855,8.527694534E-001,1.858690981E+000,8.386570029E-003
       856,8.303537571E-001,1.678406001E+000,9.412752837E-002
       857,8.133360819E-001,1.589038395E+000,1.264521182E-001
       858,7.919269313E-001,1.502011777E+000,1.194743514E-001
       859,7.670307856E-001,1.417376918E+000,9.436859190E-002
       860,7.402707660E-001,1.335412233E+000,6.613731384E-002
       861,7.133331719E-001,1.254730328E+000,3.849088028E-002
       862,6.867401335E-001,1.173066833E+000,1.617526077E-002
       863,6.588886365E-001,1.086924055E+000,3.738729982E-003
       864,6.214421636E-001,9.865507840E-001,6.237118941E-005
       865,6.444440195E-001,8.746585305E-001,1.716474429E-007
       866,6.577197144E-001,7.752320174E-001,1.554950657E-008
       867,6.676033327E-001,6.780958368E-001,6.930995222E-010
       868,6.881441742E-001,2.308954454E+000,1.137014412E-016
       869,6.830811214E-001,2.217138442E+000,1.012105777E-014
       870,6.778304623E-001,2.128126324E+000,4.819642949E-012
       871,6.727057237E-001,2.041069000E+000,1.561594853E-009
       872,6.677142549E-001,1.955156291E+000,8.049855751E-007
       873,3.300659608E+000,7.010183498E-001,3.250959271E-004
       874,3.300978412E+000,8.024634263E-001,9.892103262E-004
       875,3.301747813E+000,9.041335527E-001,2.785442164E-003
       876,3.303218717E+000,1.005668358E+000,7.787514012E-003
       877,3.305541729E+000,1.106629174E+000,2.005830221E-002
       878,3.308504117E+000,1.206575702E+000,4.126439244E-002
       879,3.311473415E+000,1.305294059E+000,6.756606698E-002
       880,3.313621545E+000,1.402950670E+000,9.269147366E-002
       881,3.314352230E+000,1.500075352E+000,1.104678959E-001
       882,3.313573349E+000,1.597336973E+000,1.084520593E-001
       883,3.311636315E+000,1.695297845E+000,8.304435760E-002
       884,3.309087284E+000,1.794255293E+000,4.814738035E-002
       885,3.306524837E+000,1.894214002E+000,2.071016282E-002
       886,3.304365110E+000,1.994977041E+000,7.949713618E-003
       887,3.302789626E+000,2.096205244E+000,3.564654849E-003
       888,3.301769029E+000,2.197550477E+000,1.695867861E-003
       889,3.301167835E+000,2.298737142E+000,7.072310545E-004
       890,3.201178432E+000,2.298764407E+000,4.398415331E-004
       891,3.101148166E+000,2.298857213E+000,2.712907444E-004
       892,3.001051741E+000,2.299018947E+000,1.649244223E-004
       893,2.900892853E+000,2.299219898E+000,9.819743718E-005
       894,2.800675270E+000,2.299446622E+000,5.698905443E-005
       895,2.700411426E+000,2.299671983E+000,3.213562377E-005
       896,2.600101600E+000,2.299898834E+000,1.757280006E-005
       897,2.499744635E+000,2.300146887E+000,9.317170225E-006
       898,2.399341688E+000,2.300440442E+000,4.798245300E-006
       899,2.298892044E+000,2.300787791E+000,2.413933544E-006
       900,2.198385417E+000,2.301177271E+000,1.204024898E-006
       901,2.097803433E+000,2.301596652E+000,6.124301990E-007
       902,1.997135605E+000,2.302061106E+000,3.300591516E-007
       903,1.896399749E+000,2.302633728E+000,1.932404246E-007
       904,1.795643253E+000,2.303421741E+000,1.209119489E-007
       905,1.694928728E+000,2.304510471E+000,7.625639142E-008
       906,1.594303166E+000,2.305896988E+000,4.507108997E-008
       907,1.493711123E+000,2.307402114E+000,2.330355819E-008
       908,1.393040730E+000,2.308852656E+000,9.525165545E-009
       909,1.292204937E+000,2.310050009E+000,2.554121581E-009
       910,1.191248142E+000,2.310775452E+000,3.442585661E-010
       911,1.090318126E+000,2.311075222E+000,6.502329924E-011
       912,9.894757006E-001,2.311092542E+000,8.046232083E-012
       913,8.887742720E-001,2.310943868E+000,2.406493516E-013
       914,7.882481099E-001,2.310507545E+000,4.722349712E-015
       915,7.694020267E-001,6.818114947E-001,7.059261509E-010
       916,8.722025622E-001,6.841884914E-001,7.177664574E-010
       917,9.754625443E-001,6.861997090E-001,7.303294081E-010
       918,1.079006596E+000,6.884111419E-001,1.741506050E-009
       919,1.182666272E+000,6.907924976E-001,1.451484977E-008
       920,1.286140153E+000,6.929960559E-001,5.748477250E-008
       921,1.389203210E+000,6.948253847E-001,1.333712589E-007
       922,1.491754849E+000,6.962362168E-001,2.253115383E-007
       923,1.593796666E+000,6.972839184E-001,3.161572124E-007
       924,1.695387215E+000,6.980512329E-001,3.994057920E-007
       925,1.796606646E+000,6.986135110E-001,4.787225976E-007
       926,1.897536545E+000,6.990284067E-001,5.646113550E-007
       927,1.998251006E+000,6.993359511E-001,6.730248288E-007
       928,2.098813407E+000,6.995614575E-001,8.288479876E-007
       929,2.199274833E+000,6.997189583E-001,1.077600473E-006
       930,2.299671717E+000,6.998137119E-001,1.512585527E-006
       931,2.400022337E+000,6.998452437E-001,2.335240652E-006
       932,2.500325671E+000,6.998168916E-001,3.956220098E-006
       933,2.600571094E+000,6.997866460E-001,7.076986094E-006
       934,2.700751679E+000,6.998570453E-001,1.280834113E-005
       935,2.800860697E+000,7.000215533E-001,2.288456562E-005
       936,2.900912658E+000,7.002793797E-001,4.005166920E-005
       937,3.000909224E+000,7.005662431E-001,6.871236110E-005
       938,3.100864539E+000,7.008379500E-001,1.159863605E-004
       939,3.200786186E+000,7.010293287E-001,1.941310620E-004
       940,7.826100235E-001,2.218356400E+000,2.130445560E-012
       941,7.764948166E-001,2.128500052E+000,5.107976264E-010
       942,7.702663821E-001,2.040112436E+000,3.283052195E-007
       943,7.639044373E-001,1.952479955E+000,9.153207793E-005
       944,8.606073947E-001,1.947560608E+000,5.687895464E-004
       945,9.493398842E-001,1.849186258E+000,1.402742229E-002
       946,9.583801970E-001,1.941011676E+000,1.619998133E-003
       947,9.382276554E-001,1.756722619E+000,5.047007650E-002
       948,9.236436965E-001,1.664280644E+000,9.946197271E-002
       949,9.047517022E-001,1.573291461E+000,1.247240826E-001
       950,8.819375334E-001,1.484520240E+000,1.147466600E-001
       951,8.564668877E-001,1.398750547E+000,8.883512020E-002
       952,8.298905744E-001,1.315717558E+000,6.049413234E-002
       953,8.044366457E-001,1.234346923E+000,3.396834433E-002
       954,7.824780058E-001,1.152037078E+000,1.372297388E-002
       955,7.640532225E-001,1.065842194E+000,3.024465870E-003
       956,7.512281937E-001,9.728127613E-001,7.549036673E-005
       957,7.545212296E-001,8.750957828E-001,2.269681971E-007
       958,7.617290688E-001,7.781498906E-001,1.550676032E-008
       959,3.201131743E+000,8.025464370E-001,6.591683486E-004
       960,3.201952480E+000,9.043326203E-001,2.129063243E-003
       961,3.203552882E+000,1.006030045E+000,6.840795744E-003
       962,3.206073979E+000,1.107099206E+000,1.914258301E-002
       963,3.209311027E+000,1.207046485E+000,4.053439200E-002
       964,3.212555993E+000,1.305627125E+000,6.705669314E-002
       965,3.214899682E+000,1.403046295E+000,9.250858426E-002
       966,3.215672114E+000,1.499914873E+000,1.104593500E-001
       967,3.214796927E+000,1.596987992E+000,1.083843634E-001
       968,3.212588843E+000,1.694869620E+000,8.261995018E-002
       969,3.209742136E+000,1.793854262E+000,4.730540141E-002
       970,3.206933207E+000,1.893932795E+000,1.958022639E-002
       971,3.204618225E+000,1.994829092E+000,6.751734763E-003
       972,3.202949772E+000,2.096152316E+000,2.645164263E-003
       973,3.201873111E+000,2.197523329E+000,1.142295660E-003
       974,3.101788552E+000,2.197590973E+000,7.637864910E-004
       975,3.001601866E+000,2.197800384E+000,5.053077475E-004
       976,2.901305146E+000,2.198144049E+000,3.297801013E-004
       977,2.800925485E+000,2.198568381E+000,2.115601674E-004
       978,2.700473159E+000,2.199054440E+000,1.331694511E-004
       979,2.599958885E+000,2.199578396E+000,8.239594172E-005
       980,2.499398084E+000,2.200134437E+000,5.044185673E-005
       981,2.398814612E+000,2.200736535E+000,3.090413156E-005
       982,2.298220109E+000,2.201376556E+000,1.929111022E-005
       983,2.197603748E+000,2.202031440E+000,1.255279130E-005
       984,2.096938951E+000,2.202690762E+000,8.679294297E-006
       985,1.996201420E+000,2.203382839E+000,6.378363651E-006
       986,1.895372367E+000,2.204184192E+000,4.890429409E-006
       987,1.794393457E+000,2.205145911E+000,3.812554951E-006
       988,1.693274251E+000,2.206319194E+000,2.968653689E-006
       989,1.591963871E+000,2.207641682E+000,2.261937425E-006
       990,1.490389961E+000,2.209095609E+000,1.634090268E-006
       991,1.388507594E+000,2.210640627E+000,1.074138368E-006
       992,1.286508969E+000,2.212255818E+000,5.881359471E-007
       993,1.184711591E+000,2.213874011E+000,2.451187697E-007
       994,1.083430817E+000,2.215494517E+000,6.882225279E-008
       995,9.826610491E-001,2.217011049E+000,8.699994503E-009
       996,8.823378077E-001,2.218282819E+000,1.519010751E-010
       997,8.656799428E-001,7.794819429E-001,1.569786434E-008
       998,9.694190948E-001,7.808410745E-001,1.607337907E-008
       999,1.073264101E+000,7.831598801E-001,1.610669926E-007
      1000,1.177348276E+000,7.863163333E-001,1.190499006E-006
      1001,1.281460601E+000,7.895430135E-001,3.826568900E-006
      1002,1.385284939E+000,7.923267637E-001,7.733329767E-006
      1003,1.488607872E+000,7.944933913E-001,1.194599372E-005
      1004,1.591346359E+000,7.960796929E-001,1.568741573E-005
      1005,1.693519975E+000,7.972101970E-001,1.870197957E-005
      1006,1.795204355E+000,7.980134083E-001,2.113913979E-005
      1007,1.896495700E+000,7.985918663E-001,2.328362461E-005
      1008,1.997490412E+000,7.990171366E-001,2.540119931E-005
      1009,2.098273377E+000,7.993322687E-001,2.770486208E-005
      1010,2.198909360E+000,7.995568294E-001,3.048784856E-005
      1011,2.299436363E+000,7.996967959E-001,3.447943527E-005
      1012,2.399869161E+000,7.997701252E-001,4.122787868E-005
      1013,2.500212543E+000,7.998702881E-001,5.294032235E-005
      1014,2.600493987E+000,8.001541505E-001,7.197778905E-005
      1015,2.700719517E+000,8.006109715E-001,1.010557025E-004
      1016,2.800927250E+000,8.011727639E-001,1.442218054E-004
      1017,2.901098699E+000,8.017148137E-001,2.080936101E-004
      1018,3.001212920E+000,8.021687573E-001,3.029685467E-004
      1019,3.101242390E+000,8.024742001E-001,4.446641542E-004
      1020,8.754376963E-001,2.127023971E+000,1.529590605E-007
      1021,8.681740183E-001,2.036791321E+000,1.418417105E-005
      1022,9.670010584E-001,2.032246139E+000,7.598828961E-005
      1023,1.058037452E+000,1.933709872E+000,3.132101148E-003
      1024,1.067036556E+000,2.027277695E+000,2.096801181E-004
      1025,1.048047322E+000,1.839532219E+000,1.976786181E-002
      1026,1.035618628E+000,1.744846537E+000,5.862935260E-002
      1027,1.019304182E+000,1.650342926E+000,1.032794714E-001
      1028,9.984508457E-001,1.557472975E+000,1.226308867E-001
      1029,9.739632751E-001,1.467836039E+000,1.100841016E-001
      1030,9.478480145E-001,1.381066337E+000,8.354242891E-002
      1031,9.204702477E-001,1.297262664E+000,5.514165759E-002
      1032,8.946606375E-001,1.217259169E+000,3.029126115E-002
      1033,8.772077732E-001,1.137163347E+000,1.214634255E-002
      1034,8.656694089E-001,1.053669896E+000,2.573044272E-003
      1035,8.599641374E-001,9.654446354E-001,7.076822658E-005
      1036,8.611446186E-001,8.732854998E-001,2.822167460E-007
      1037,3.102068515E+000,9.043448306E-001,1.679706504E-003
      1038,3.103721057E+000,1.006163985E+000,6.205605343E-003
      1039,3.106435496E+000,1.107351781E+000,1.857289299E-002
      1040,3.109960003E+000,1.207325275E+000,4.007027298E-002
      1041,3.113495017E+000,1.305791687E+000,6.669157743E-002
      1042,3.115939996E+000,1.403013602E+000,9.236634523E-002
      1043,3.116697679E+000,1.499699185E+000,1.104495302E-001
      1044,3.115604626E+000,1.596670636E+000,1.083405539E-001
      1045,3.113095652E+000,1.694552605E+000,8.231593668E-002
      1046,3.109979662E+000,1.793650074E+000,4.673638195E-002
      1047,3.107012474E+000,1.893872268E+000,1.879530214E-002
      1048,3.104626529E+000,1.994878746E+000,5.861726124E-003
      1049,3.102942889E+000,2.096225538E+000,1.972742612E-003
      1050,3.002654502E+000,2.096388231E+000,1.478009042E-003
      1051,2.902187763E+000,2.096765795E+000,1.114379498E-003
      1052,2.801560558E+000,2.097369199E+000,8.447130676E-004
      1053,2.700794000E+000,2.098166038E+000,6.400807179E-004
      1054,2.599923668E+000,2.099088910E+000,4.839622125E-004
      1055,2.499025885E+000,2.100105233E+000,3.661650990E-004
      1056,2.398168531E+000,2.101168233E+000,2.791493898E-004
      1057,2.297378207E+000,2.102226890E+000,2.166369813E-004
      1058,2.196628909E+000,2.103236616E+000,1.729045616E-004
      1059,2.095860379E+000,2.104197540E+000,1.422200876E-004
      1060,1.994998398E+000,2.105171503E+000,1.197429592E-004
      1061,1.893869286E+000,2.106183928E+000,1.023307268E-004
      1062,1.792422072E+000,2.107280583E+000,8.899765089E-005
      1063,1.690595688E+000,2.108393086E+000,7.861540507E-005
      1064,1.588350793E+000,2.109647903E+000,6.913075777E-005
      1065,1.485593793E+000,2.111075389E+000,5.879935998E-005
      1066,1.382493254E+000,2.112880388E+000,4.570738383E-005
      1067,1.279482289E+000,2.115216295E+000,3.003268466E-005
      1068,1.177036693E+000,2.118005104E+000,1.580296157E-005
      1069,1.075630484E+000,2.121172561E+000,6.319668046E-006
      1070,9.751401688E-001,2.124337463E+000,1.588472969E-006
      1071,9.647845788E-001,8.730428567E-001,3.460761491E-007
      1072,1.067900205E+000,8.752250218E-001,9.920373486E-006
      1073,1.171495140E+000,8.796516814E-001,4.557930151E-005
      1074,1.275806808E+000,8.845189075E-001,1.092534876E-004
      1075,1.380303010E+000,8.888095123E-001,1.858759933E-004
      1076,1.484487356E+000,8.921390379E-001,2.584042377E-004
      1077,1.588082847E+000,8.945290827E-001,3.166973183E-004
      1078,1.691015463E+000,8.961672917E-001,3.598156036E-004
      1079,1.793319819E+000,8.972846317E-001,3.915865964E-004
      1080,1.895094039E+000,8.980621494E-001,4.166448198E-004
      1081,1.996456218E+000,8.986236779E-001,4.384782806E-004
      1082,2.097515970E+000,8.990407887E-001,4.594974162E-004
      1083,2.198354924E+000,8.993456496E-001,4.828183155E-004
      1084,2.299028351E+000,8.995740262E-001,5.140579888E-004
      1085,2.399574736E+000,8.998379182E-001,5.608118372E-004
      1086,2.500063879E+000,9.003169920E-001,6.283176481E-004
      1087,2.600512436E+000,9.010695690E-001,7.171261241E-004
      1088,2.700976455E+000,9.019776308E-001,8.267919184E-004
      1089,2.801437092E+000,9.028667930E-001,9.618809563E-004
      1090,2.901835701E+000,9.035969073E-001,1.135490602E-003
      1091,3.002087737E+000,9.041018570E-001,1.365097589E-003
      1092,1.168747171E+000,2.022560427E+000,4.116363998E-004
      1093,1.159696588E+000,1.926919536E+000,4.913236015E-003
      1094,1.149183788E+000,1.830562541E+000,2.518150955E-002
      1095,1.135792912E+000,1.733373638E+000,6.543068588E-002
      1096,1.117848254E+000,1.635992446E+000,1.059047729E-001
      1097,1.094334301E+000,1.540764553E+000,1.200116649E-001
      1098,1.066521548E+000,1.450894912E+000,1.052205116E-001
      1099,1.041024555E+000,1.362950491E+000,7.833895087E-002
      1100,1.011734443E+000,1.276374633E+000,4.887544364E-002
      1101,9.782447509E-001,1.201322286E+000,2.671825700E-002
      1102,9.675925833E-001,1.127178369E+000,1.164056640E-002
      1103,9.632576376E-001,1.047489271E+000,2.417321084E-003
      1104,9.627497119E-001,9.622821522E-001,6.984116771E-005
      1105,3.003735549E+000,1.005989385E+000,5.761271343E-003
      1106,3.006532131E+000,1.107279813E+000,1.817636564E-002
      1107,3.010215874E+000,1.207277555E+000,3.971247748E-002
      1108,3.013797573E+000,1.305680115E+000,6.638814509E-002
      1109,3.016228642E+000,1.402830208E+000,9.224622697E-002
      1110,3.016904400E+000,1.499484756E+000,1.104414091E-001
      1111,3.015580688E+000,1.596481370E+000,1.083008349E-001
      1112,3.012853043E+000,1.694490533E+000,8.203934133E-002
      1113,3.009635807E+000,1.793745357E+000,4.624305293E-002
      1114,3.006676862E+000,1.894085876E+000,1.815827936E-002
      1115,3.004358767E+000,1.995110808E+000,5.170595367E-003
      1116,1.063106020E+000,9.639594270E-001,3.149061231E-004
      1117,1.164710452E+000,9.706216544E-001,8.458291413E-004
      1118,1.268913781E+000,9.779441286E-001,1.452103141E-003
      1119,1.374110674E+000,9.843820346E-001,2.058923477E-003
      1120,1.479259892E+000,9.893187746E-001,2.573747886E-003
      1121,1.583874669E+000,9.927467051E-001,2.953283256E-003
      1122,1.687730501E+000,9.950289665E-001,3.213749966E-003
      1123,1.790802504E+000,9.965355231E-001,3.392086131E-003
      1124,1.893179595E+000,9.975487876E-001,3.521016566E-003
      1125,1.994997319E+000,9.982615561E-001,3.623404540E-003
      1126,2.096393261E+000,9.987881775E-001,3.716164734E-003
      1127,2.197490247E+000,9.992098856E-001,3.817119636E-003
      1128,2.298404550E+000,9.996474290E-001,3.946363460E-003
      1129,2.399257382E+000,1.000268484E+000,4.119815771E-003
      1130,2.500112427E+000,1.001198710E+000,4.336026032E-003
      1131,2.601020528E+000,1.002363072E+000,4.577599932E-003
      1132,2.701970927E+000,1.003572769E+000,4.830494989E-003
      1133,2.802860067E+000,1.004630459E+000,5.108182319E-003
      1134,2.903547236E+000,1.005426637E+000,5.415767431E-003
      1135,2.903741643E+000,1.995430024E+000,4.604860675E-003
      1136,2.802816210E+000,1.996140217E+000,4.121446051E-003
      1137,2.701600786E+000,1.997222703E+000,3.676478518E-003
      1138,2.600208622E+000,1.998609184E+000,3.239236074E-003
      1139,2.498808651E+000,2.000177223E+000,2.818510169E-003
      1140,2.397542211E+000,2.001809527E+000,2.437285380E-003
      1141,2.296464738E+000,2.003359435E+000,2.115149284E-003
      1142,2.195511097E+000,2.004764981E+000,1.855059410E-003
      1143,2.094554987E+000,2.006057587E+000,1.646184362E-003
      1144,1.993354156E+000,2.007290241E+000,1.476601814E-003
      1145,1.891723744E+000,2.008475037E+000,1.345939236E-003
      1146,1.789559576E+000,2.009473808E+000,1.255106647E-003
      1147,1.686858128E+000,2.010438258E+000,1.191719086E-003
      1148,1.583533329E+000,2.011500761E+000,1.132653793E-003
      1149,1.479612139E+000,2.012928539E+000,1.043862780E-003
      1150,1.375448819E+000,2.015164757E+000,8.883434930E-004
      1151,1.271681393E+000,2.018461117E+000,6.589709665E-004
      1152,1.263019384E+000,1.921140332E+000,6.703437772E-003
      1153,1.252625489E+000,1.822666080E+000,2.981073223E-002
      1154,1.239185901E+000,1.722413496E+000,7.059366256E-002
      1155,1.220472398E+000,1.620303315E+000,1.069038138E-001
      1156,1.193032486E+000,1.519260871E+000,1.166179553E-001
      1157,1.155168472E+000,1.432853312E+000,1.008754820E-001
      1158,1.137097030E+000,1.345548874E+000,7.665821165E-002
      1159,1.112156287E+000,1.241429923E+000,4.042170569E-002
      1160,1.043083309E+000,1.184161665E+000,2.558584884E-002
      1161,1.051999344E+000,1.124221898E+000,1.485030167E-002
      1162,1.058317947E+000,1.048076955E+000,3.969390877E-003
      1163,2.906220665E+000,1.106734665E+000,1.782191359E-002
      1164,2.909743199E+000,1.206751748E+000,3.935166821E-002
      1165,2.913106769E+000,1.305229757E+000,6.609109789E-002
      1166,2.915472520E+000,1.402523606E+000,9.213698655E-002
      1167,2.915909842E+000,1.499359987E+000,1.104405597E-001
      1168,2.914406499E+000,1.596609086E+000,1.082435623E-001
      1169,2.911678259E+000,1.694866694E+000,8.170384169E-002
      1170,2.908627524E+000,1.794277339E+000,4.566814005E-002
      1171,2.905919968E+000,1.894624153E+000,1.753824390E-002
      1172,1.155876429E+000,1.059448638E+000,6.479280069E-003
      1173,1.260411827E+000,1.070255890E+000,8.472845890E-003
      1174,1.366575131E+000,1.079486802E+000,1.051064581E-002
      1175,1.472905437E+000,1.086397598E+000,1.212011743E-002
      1176,1.578688412E+000,1.091105931E+000,1.322512887E-002
      1177,1.683594793E+000,1.094168501E+000,1.394204330E-002
      1178,1.787546441E+000,1.096132870E+000,1.440564077E-002
      1179,1.890620557E+000,1.097406978E+000,1.471636165E-002
      1180,1.992972826E+000,1.098269591E+000,1.494188514E-002
      1181,2.094785804E+000,1.098904004E+000,1.513368543E-002
      1182,2.196282976E+000,1.099470014E+000,1.533681061E-002
      1183,2.297652844E+000,1.100132847E+000,1.558914967E-002
      1184,2.399072349E+000,1.101025300E+000,1.590622216E-002
      1185,2.500618053E+000,1.102183675E+000,1.626934484E-002
      1186,2.602295272E+000,1.103465339E+000,1.664308459E-002
      1187,2.703938743E+000,1.104682102E+000,1.702879928E-002
      1188,2.805389522E+000,1.105702276E+000,1.743543893E-002
      1189,2.804716766E+000,1.895341444E+000,1.685920544E-002
      1190,2.703007386E+000,1.896641765E+000,1.608552970E-002
      1191,2.600980778E+000,1.898420838E+000,1.518341061E-002
      1192,2.498918627E+000,1.900515818E+000,1.417401433E-002
      1193,2.397106045E+000,1.902630990E+000,1.316131372E-002
      1194,2.295604601E+000,1.904580196E+000,1.222919207E-002
      1195,2.194309927E+000,1.906319050E+000,1.140417717E-002
      1196,2.092965644E+000,1.907909216E+000,1.068463922E-002
      1197,1.991254087E+000,1.909338975E+000,1.008539647E-002
      1198,1.888944929E+000,1.910430537E+000,9.644937702E-003
      1199,1.785971901E+000,1.911185754E+000,9.375672787E-003
      1200,1.682286456E+000,1.911771601E+000,9.228937328E-003
      1201,1.577828917E+000,1.912508790E+000,9.090967476E-003
      1202,1.472740572E+000,1.913936135E+000,8.776353672E-003
      1203,1.367452301E+000,1.916683170E+000,8.054120466E-003
      1204,2.808442601E+000,1.205796476E+000,3.893361613E-002
      1205,2.811490951E+000,1.304528573E+000,6.578245014E-002
      1206,2.813404820E+000,1.402206277E+000,9.204448014E-002
      1207,2.813524117E+000,1.499529738E+000,1.104582027E-001
      1208,2.812002882E+000,1.597263659E+000,1.081554443E-001
      1209,2.809563672E+000,1.695854296E+000,8.122619987E-002
      1210,2.806977110E+000,1.795363295E+000,4.491249844E-002
      1211,1.141871121E+000,1.147543197E+000,1.979944110E-002
      1212,1.249864733E+000,1.162247274E+000,2.402133122E-002
      1213,1.357609010E+000,1.174805962E+000,2.874281444E-002
      1214,1.465448418E+000,1.184101977E+000,3.189407662E-002
      1215,1.572674767E+000,1.190269069E+000,3.386617824E-002
      1216,1.678791935E+000,1.194178206E+000,3.507283702E-002
      1217,1.783709195E+000,1.196611561E+000,3.580693156E-002
      1218,1.887538560E+000,1.198131930E+000,3.625504673E-002
      1219,1.990481259E+000,1.199098025E+000,3.653741628E-002
      1220,2.092831970E+000,1.199773303E+000,3.674192727E-002
      1221,2.194860564E+000,1.200357188E+000,3.693613410E-002
      1222,2.296873984E+000,1.201010970E+000,3.716694191E-002
      1223,2.399065143E+000,1.201841036E+000,3.744766116E-002
      1224,2.501508398E+000,1.202815626E+000,3.775737435E-002
      1225,2.604053418E+000,1.203797037E+000,3.808636218E-002
      1226,2.706485415E+000,1.204674323E+000,3.848219290E-002
      1227,2.704845640E+000,1.796730965E+000,4.395891726E-002
      1228,2.602162794E+000,1.798738009E+000,4.279749468E-002
      1229,2.499406734E+000,1.801053012E+000,4.146618024E-002
      1230,2.396948890E+000,1.803338749E+000,4.009234905E-002
      1231,2.294904437E+000,1.805457097E+000,3.877177462E-002
      1232,2.193108495E+000,1.807395632E+000,3.754210845E-002
      1233,2.091230133E+000,1.809125507E+000,3.643950447E-002
      1234,1.988907005E+000,1.810482848E+000,3.553859144E-002
      1235,1.885901715E+000,1.811305576E+000,3.492547572E-002
      1236,1.782094804E+000,1.811614169E+000,3.462203220E-002
      1237,1.677376452E+000,1.811694605E+000,3.448867425E-002
      1238,1.571709642E+000,1.812017765E+000,3.432840854E-002
      1239,1.465102123E+000,1.813310996E+000,3.388674930E-002
      1240,1.358083757E+000,1.816523238E+000,3.270250559E-002
      1241,2.708819572E+000,1.303793784E+000,6.549904495E-002
      1242,2.710111351E+000,1.402093709E+000,9.198902547E-002
      1243,2.709956874E+000,1.500151038E+000,1.105029881E-001
      1244,2.708614009E+000,1.598528889E+000,1.080352068E-001
      1245,2.706685026E+000,1.697516542E+000,8.057121933E-002
      1246,1.238290102E+000,1.254520006E+000,4.976743832E-002
      1247,1.346969252E+000,1.271309234E+000,5.627160892E-002
      1248,1.457049849E+000,1.283379548E+000,5.983966216E-002
      1249,1.566354489E+000,1.290929017E+000,6.207043305E-002
      1250,1.673945714E+000,1.295524944E+000,6.337518245E-002
      1251,1.779881510E+000,1.298305356E+000,6.412093341E-002
      1252,1.884455852E+000,1.299957170E+000,6.452837586E-002
      1253,1.988012967E+000,1.300909371E+000,6.473071873E-002
      1254,2.090897794E+000,1.301440544E+000,6.482855231E-002
      1255,2.193489896E+000,1.301785444E+000,6.489899755E-002
      1256,2.296131979E+000,1.302106011E+000,6.497924030E-002
      1257,2.399046655E+000,1.302490293E+000,6.507612020E-002
      1258,2.502236171E+000,1.302890932E+000,6.517286599E-002
      1259,2.605496195E+000,1.303230140E+000,6.529451907E-002
      1260,2.603517860E+000,1.699416297E+000,7.979541272E-002
      1261,2.500159709E+000,1.701548157E+000,7.894378155E-002
      1262,2.397106101E+000,1.703668787E+000,7.805059850E-002
      1263,2.294492435E+000,1.705681236E+000,7.717015594E-002
      1264,2.192146636E+000,1.707531081E+000,7.633446902E-002
      1265,2.089716922E+000,1.709088063E+000,7.559029758E-002
      1266,1.986829790E+000,1.710148158E+000,7.500892878E-002
      1267,1.883204599E+000,1.710555788E+000,7.465775311E-002
      1268,1.778622969E+000,1.710382263E+000,7.451694459E-002
      1269,1.672910492E+000,1.709883246E+000,7.445720583E-002
      1270,1.565727799E+000,1.709526364E+000,7.432409376E-002
      1271,1.456692953E+000,1.710140823E+000,7.391321659E-002
      1272,1.346375211E+000,1.713374799E+000,7.316252589E-002
      1273,2.606156723E+000,1.402256936E+000,9.197948873E-002
      1274,2.605813513E+000,1.501148069E+000,1.105789915E-001
      1275,2.604734391E+000,1.600240105E+000,1.078946441E-001
      1276,2.501016324E+000,1.601935702E+000,1.077548862E-001
      1277,2.397549009E+000,1.603609631E+000,1.076142490E-001
      1278,2.294500114E+000,1.605204269E+000,1.074688360E-001
      1279,2.191716671E+000,1.606642444E+000,1.073293164E-001
      1280,2.088865657E+000,1.607772979E+000,1.072056144E-001
      1281,1.985575623E+000,1.608395781E+000,1.071085706E-001
      1282,1.881507135E+000,1.608372009E+000,1.070551351E-001
      1283,1.776361629E+000,1.607689305E+000,1.070561334E-001
      1284,1.669695649E+000,1.606424601E+000,1.071242094E-001
      1285,1.560618446E+000,1.604759518E+000,1.071799174E-001
      1286,1.447805882E+000,1.603336844E+000,1.068939790E-001
      1287,1.330269062E+000,1.604401661E+000,1.067028195E-001
      1288,1.234587794E+000,1.343598114E+000,8.164787292E-002
      1289,1.333435119E+000,1.370476873E+000,8.677084744E-002
      1290,1.448171525E+000,1.385513348E+000,8.875252306E-002
      1291,1.560800052E+000,1.393597670E+000,9.057068825E-002
      1292,1.670104317E+000,1.398276739E+000,9.145113826E-002
      1293,1.776962230E+000,1.401036227E+000,9.190677106E-002
      1294,1.882145447E+000,1.402601844E+000,9.212081134E-002
      1295,1.986175774E+000,1.403362158E+000,9.219064564E-002
      1296,2.089472478E+000,1.403581971E+000,9.218885750E-002
      1297,2.192445728E+000,1.403481752E+000,9.215918928E-002
      1298,2.295459531E+000,1.403239064E+000,9.211779386E-002
      1299,2.398745354E+000,1.402939187E+000,9.206701070E-002
      1300,2.502263077E+000,1.402581701E+000,9.201239794E-002
      1301,2.501766722E+000,1.502251809E+000,1.106853634E-001
      1302,1.303087242E+000,1.479705071E+000,1.097376645E-001
      1303,1.225927713E+000,1.413756663E+000,9.969481826E-002
      1304,2.398167085E+000,1.503297178E+000,1.108091772E-001
      1305,2.294933192E+000,1.504270925E+000,1.109304503E-001
      1306,2.191930103E+000,1.505114891E+000,1.110371500E-001
      1307,2.088877079E+000,1.505702243E+000,1.111188754E-001
      1308,1.985419358E+000,1.505853100E+000,1.111619249E-001
      1309,1.881189524E+000,1.505399610E+000,1.111636311E-001
      1310,1.775775473E+000,1.504183313E+000,1.111433730E-001
      1311,1.668494788E+000,1.501984166E+000,1.111069769E-001
      1312,1.557877941E+000,1.498330275E+000,1.110055596E-001
      1313,1.440656343E+000,1.492484595E+000,1.106887087E-001
