nodenumber,    x-coordinate,    y-coordinate,            c2h6
         1,5.000000000E-003,1.495000000E+000,5.000000000E-001
         2,7.068731585E-002,1.508940903E+000,2.910960913E-001
         3,4.403980658E-002,1.551726335E+000,2.072558701E-001
         4,5.000000000E-003,1.505000000E+000,5.000000000E-001
         5,0.000000000E+000,1.401562500E+000,0.000000000E+000
         6,4.885011125E-002,1.420179041E+000,3.363227099E-002
         7,0.000000000E+000,1.308125000E+000,0.000000000E+000
         8,7.311745740E-002,1.332834160E+000,1.226313226E-002
         9,0.000000000E+000,1.214687500E+000,0.000000000E+000
        10,9.163935468E-002,1.233594264E+000,2.285136376E-003
        11,0.000000000E+000,1.121250000E+000,0.000000000E+000
        12,9.293068681E-002,1.130193112E+000,1.914171153E-004
        13,0.000000000E+000,1.027812500E+000,0.000000000E+000
        14,9.200790270E-002,1.032520923E+000,1.507575433E-007
        15,0.000000000E+000,9.343750000E-001,0.000000000E+000
        16,9.154873500E-002,9.374881323E-001,7.648208733E-010
        17,0.000000000E+000,8.409375000E-001,0.000000000E+000
        18,9.167399806E-002,8.433870407E-001,1.208512804E-011
        19,0.000000000E+000,7.475000000E-001,0.000000000E+000
        20,9.202744179E-002,7.495515556E-001,1.811579586E-013
        21,0.000000000E+000,6.540625000E-001,0.000000000E+000
        22,9.247372448E-002,6.558636677E-001,2.786543155E-015
        23,0.000000000E+000,5.606250000E-001,0.000000000E+000
        24,9.318908419E-002,5.623162447E-001,4.669789915E-017
        25,0.000000000E+000,4.671875000E-001,0.000000000E+000
        26,9.418217718E-002,4.688433463E-001,8.643763915E-019
        27,0.000000000E+000,3.737500000E-001,0.000000000E+000
        28,9.541534025E-002,3.753235534E-001,2.182078545E-020
        29,0.000000000E+000,2.803125000E-001,0.000000000E+000
        30,9.671003948E-002,2.816812100E-001,8.599813733E-022
        31,0.000000000E+000,1.868750000E-001,0.000000000E+000
        32,9.794447158E-002,1.878815348E-001,3.552860701E-023
        33,0.000000000E+000,9.343750000E-002,0.000000000E+000
        34,9.903156835E-002,9.396601986E-002,1.028071142E-024
        35,1.000000000E-001,0.000000000E+000,2.775427444E-026
        36,1.296169358E-001,1.544792676E+000,1.930972487E-001
        37,8.791972767E-002,1.609006182E+000,1.316429526E-001
        38,0.000000000E+000,1.604666667E+000,0.000000000E+000
        39,0.000000000E+000,1.704333333E+000,0.000000000E+000
        40,1.080148662E-001,1.444755429E+000,1.137209758E-001
        41,1.467218116E-001,1.365526554E+000,5.062364042E-002
        42,2.004344076E-001,1.258945830E+000,1.727937721E-002
        43,1.903731293E-001,1.134177214E+000,3.813405056E-004
        44,1.850594977E-001,1.033369404E+000,3.762766880E-007
        45,1.831936565E-001,9.384875433E-001,9.825383840E-010
        46,1.832964667E-001,8.449589326E-001,1.258908342E-011
        47,1.842018722E-001,7.514773118E-001,1.900600039E-013
        48,1.855417882E-001,6.579176590E-001,3.282530497E-015
        49,1.872827760E-001,5.643401717E-001,8.734321849E-017
        50,1.894343189E-001,4.707069784E-001,3.533074925E-018
        51,1.918078477E-001,3.769321486E-001,2.197722728E-019
        52,1.941776018E-001,2.829466657E-001,1.254100724E-020
        53,1.963314809E-001,1.887738361E-001,4.814829827E-022
        54,1.982661708E-001,9.442722923E-002,1.165836706E-023
        55,2.000000000E-001,0.000000000E+000,2.814286917E-025
        56,0.000000000E+000,2.900333333E+000,0.000000000E+000
        57,9.968951002E-002,2.900279686E+000,6.059389680E-029
        58,1.000000000E-001,3.000000000E+000,0.000000000E+000
        59,0.000000000E+000,2.800666667E+000,0.000000000E+000
        60,9.938784282E-002,2.800496682E+000,8.043917584E-027
        61,0.000000000E+000,2.701000000E+000,0.000000000E+000
        62,9.904535511E-002,2.700651168E+000,4.161644087E-025
        63,0.000000000E+000,2.601333333E+000,0.000000000E+000
        64,9.863369449E-002,2.600771921E+000,1.208859129E-023
        65,0.000000000E+000,2.501666667E+000,0.000000000E+000
        66,9.813047639E-002,2.500887636E+000,2.362041401E-022
        67,0.000000000E+000,2.402000000E+000,0.000000000E+000
        68,9.753055251E-002,2.401241585E+000,3.540825372E-021
        69,0.000000000E+000,2.302333333E+000,0.000000000E+000
        70,9.675921123E-002,2.301982994E+000,4.653467387E-020
        71,0.000000000E+000,2.202666667E+000,0.000000000E+000
        72,9.581920229E-002,2.203473636E+000,1.402722155E-019
        73,0.000000000E+000,2.103000000E+000,0.000000000E+000
        74,9.492835950E-002,2.105973350E+000,9.592761219E-020
        75,0.000000000E+000,2.003333333E+000,0.000000000E+000
        76,9.516299480E-002,2.010171472E+000,0.000000000E+000
        77,0.000000000E+000,1.903666667E+000,0.000000000E+000
        78,9.773096928E-002,1.916072999E+000,2.586187098E-010
        79,0.000000000E+000,1.804000000E+000,0.000000000E+000
        80,1.046013373E-001,1.823884243E+000,2.644992281E-010
        81,1.210841388E-001,1.734513284E+000,7.301121514E-005
        82,1.585703802E-001,1.651170293E+000,9.339837730E-002
        83,1.932784265E-001,1.581416991E+000,1.625028998E-001
        84,1.689688396E-001,1.480310834E+000,1.451534778E-001
        85,2.278424348E-001,1.518248758E+000,1.515377611E-001
        86,3.000000000E-001,0.000000000E+000,1.247827773E-024
        87,2.977260861E-001,9.484802243E-002,7.124436338E-023
        88,4.000000000E-001,0.000000000E+000,4.797639428E-024
        89,3.975684519E-001,9.514614137E-002,3.061337437E-022
        90,5.000000000E-001,0.000000000E+000,1.165991875E-023
        91,4.976510431E-001,9.537715493E-002,1.425621249E-021
        92,6.000000000E-001,0.000000000E+000,7.855691464E-024
        93,5.978152136E-001,9.558791154E-002,1.284437493E-020
        94,7.000000000E-001,0.000000000E+000,4.119329966E-021
        95,6.979197474E-001,9.590817765E-002,3.205403973E-019
        96,8.000000000E-001,0.000000000E+000,1.151531831E-019
        97,7.979717994E-001,9.642282942E-002,4.506273182E-018
        98,9.000000000E-001,0.000000000E+000,1.177633153E-018
        99,8.980519089E-001,9.710150517E-002,3.493664484E-017
       100,1.000000000E+000,0.000000000E+000,6.719102916E-018
       101,9.982132645E-001,9.782740336E-002,1.754480784E-016
       102,1.100000000E+000,0.000000000E+000,2.597844259E-017
       103,1.098453615E+000,9.848489320E-002,6.431604813E-016
       104,1.200000000E+000,0.000000000E+000,7.864225783E-017
       105,1.198737675E+000,9.900852077E-002,1.909957440E-015
       106,1.300000000E+000,0.000000000E+000,2.198531322E-016
       107,1.299024051E+000,9.938533769E-002,5.246359445E-015
       108,1.400000000E+000,0.000000000E+000,6.015311413E-016
       109,1.399281227E+000,9.963548423E-002,1.423394483E-014
       110,1.500000000E+000,0.000000000E+000,1.601274282E-015
       111,1.499492670E+000,9.979136044E-002,3.807280283E-014
       112,1.600000000E+000,0.000000000E+000,4.143179499E-015
       113,1.599654958E+000,9.988392508E-002,1.000151093E-013
       114,1.700000000E+000,0.000000000E+000,1.052784281E-014
       115,1.699772883E+000,9.993690568E-002,2.596549278E-013
       116,1.800000000E+000,0.000000000E+000,2.662113761E-014
       117,1.799854782E+000,9.996636617E-002,6.711077007E-013
       118,1.900000000E+000,0.000000000E+000,6.762866227E-014
       119,1.899909506E+000,9.998239816E-002,1.731672531E-012
       120,2.000000000E+000,0.000000000E+000,1.728927331E-013
       121,1.999944893E+000,9.999098639E-002,4.446683907E-012
       122,2.100000000E+000,0.000000000E+000,4.421897147E-013
       123,2.099967182E+000,9.999551215E-002,1.128168739E-011
       124,2.200000000E+000,0.000000000E+000,1.120931256E-012
       125,2.199981034E+000,9.999784248E-002,2.805731342E-011
       126,2.300000000E+000,0.000000000E+000,2.792637432E-012
       127,2.299989917E+000,9.999899015E-002,6.798681756E-011
       128,2.400000000E+000,0.000000000E+000,6.803931550E-012
       129,2.399996661E+000,9.999937915E-002,1.600485994E-010
       130,2.500000000E+000,0.000000000E+000,1.621001423E-011
       131,2.500004052E+000,9.999862817E-002,3.662777026E-010
       132,2.600000000E+000,0.000000000E+000,3.799679321E-011
       133,2.600015173E+000,9.999468687E-002,8.189265377E-010
       134,2.700000000E+000,0.000000000E+000,8.935947121E-011
       135,2.700033061E+000,9.998270116E-002,1.814282502E-009
       136,2.800000000E+000,0.000000000E+000,2.107216346E-010
       137,2.800059118E+000,9.995543823E-002,4.036901036E-009
       138,2.900000000E+000,0.000000000E+000,4.837156786E-010
       139,2.900091295E+000,9.990754210E-002,8.822457431E-009
       140,3.000000000E+000,0.000000000E+000,1.067055999E-009
       141,3.000124616E+000,9.984219836E-002,1.864772692E-008
       142,3.100000000E+000,0.000000000E+000,2.260440279E-009
       143,3.100155835E+000,9.977231454E-002,3.792213477E-008
       144,3.200000000E+000,0.000000000E+000,4.570898327E-009
       145,3.200188553E+000,9.970956414E-002,7.332762664E-008
       146,3.300000000E+000,0.000000000E+000,8.725629108E-009
       147,3.300226727E+000,9.965786037E-002,1.332050203E-007
       148,3.400000000E+000,0.000000000E+000,1.562047203E-008
       149,3.400265797E+000,9.961185986E-002,2.258150857E-007
       150,3.500000000E+000,0.000000000E+000,2.612399719E-008
       151,3.500291344E+000,9.958507260E-002,3.564157964E-007
       152,3.600000000E+000,0.000000000E+000,4.070134096E-008
       153,3.600285496E+000,9.958844769E-002,5.234920195E-007
       154,3.700000000E+000,0.000000000E+000,5.895824629E-008
       155,3.700246380E+000,9.963106929E-002,7.155909429E-007
       156,3.800000000E+000,0.000000000E+000,7.975874183E-008
       157,3.800187134E+000,9.970972574E-002,9.143387842E-007
       158,3.900000000E+000,0.000000000E+000,1.014847939E-007
       159,3.900100009E+000,9.983971998E-002,1.092419438E-006
       160,4.000000000E+000,1.000000000E-001,1.171655072E-006
       161,3.900000000E+000,3.000000000E+000,8.950377719E-007
       162,3.900094140E+000,2.900145918E+000,7.859058314E-006
       163,4.000000000E+000,2.900000000E+000,8.319383596E-006
       164,3.800000000E+000,3.000000000E+000,7.294605098E-007
       165,3.800157179E+000,2.900240848E+000,6.773862879E-006
       166,3.700000000E+000,3.000000000E+000,5.583486882E-007
       167,3.700202010E+000,2.900293312E+000,5.464371952E-006
       168,3.600000000E+000,3.000000000E+000,3.997432714E-007
       169,3.600225842E+000,2.900298548E+000,4.125935448E-006
       170,3.500000000E+000,3.000000000E+000,2.674145776E-007
       171,3.500225004E+000,2.900274724E+000,2.912864829E-006
       172,3.400000000E+000,3.000000000E+000,1.667038703E-007
       173,3.400201257E+000,2.900242942E+000,1.915984512E-006
       174,3.300000000E+000,3.000000000E+000,9.663584422E-008
       175,3.300167765E+000,2.900215022E+000,1.171269673E-006
       176,3.200000000E+000,3.000000000E+000,5.212543286E-008
       177,3.200138226E+000,2.900188571E+000,6.657737686E-007
       178,3.100000000E+000,3.000000000E+000,2.630999241E-008
       179,3.100116277E+000,2.900155914E+000,3.538170859E-007
       180,3.000000000E+000,3.000000000E+000,1.256620497E-008
       181,3.000097537E+000,2.900116914E+000,1.778784053E-007
       182,2.900000000E+000,3.000000000E+000,5.811101822E-009
       183,2.900078472E+000,2.900078738E+000,8.691458220E-008
       184,2.800000000E+000,3.000000000E+000,2.714275915E-009
       185,2.800059428E+000,2.900047992E+000,4.301969980E-008
       186,2.700000000E+000,3.000000000E+000,1.306763475E-009
       187,2.700042291E+000,2.900026822E+000,2.172921221E-008
       188,2.600000000E+000,3.000000000E+000,6.279224918E-010
       189,2.600028317E+000,2.900013927E+000,1.087280577E-008
       190,2.500000000E+000,3.000000000E+000,2.963312096E-010
       191,2.500017483E+000,2.900006812E+000,5.319410246E-009
       192,2.400000000E+000,3.000000000E+000,1.362010504E-010
       193,2.400008448E+000,2.900003261E+000,2.526515441E-009
       194,2.300000000E+000,3.000000000E+000,6.056993795E-011
       195,2.299998257E+000,2.900001860E+000,1.157473783E-009
       196,2.200000000E+000,3.000000000E+000,2.584331533E-011
       197,2.199981402E+000,2.900002095E+000,5.071835729E-010
       198,2.100000000E+000,3.000000000E+000,1.044926905E-011
       199,2.099948438E+000,2.900004756E+000,2.099730112E-010
       200,2.000000000E+000,3.000000000E+000,3.933863651E-012
       201,1.999885164E+000,2.900013839E+000,8.074616670E-011
       202,1.900000000E+000,3.000000000E+000,1.346909563E-012
       203,1.899774685E+000,2.900041533E+000,2.821106890E-011
       204,1.800000000E+000,3.000000000E+000,4.072474508E-013
       205,1.799606094E+000,2.900116818E+000,8.712696363E-012
       206,1.700000000E+000,3.000000000E+000,1.050420262E-013
       207,1.699391000E+000,2.900290082E+000,2.305235863E-012
       208,1.600000000E+000,3.000000000E+000,2.242827370E-014
       209,1.599182040E+000,2.900617639E+000,5.108253230E-013
       210,1.500000000E+000,3.000000000E+000,3.893204406E-015
       211,1.499084022E+000,2.901111762E+000,9.423031474E-014
       212,1.400000000E+000,3.000000000E+000,4.746089716E-016
       213,1.399221828E+000,2.901666142E+000,1.248113551E-014
       214,1.300000000E+000,3.000000000E+000,3.329447957E-017
       215,1.299616206E+000,2.902054052E+000,1.066811633E-015
       216,1.200000000E+000,3.000000000E+000,2.606070570E-018
       217,1.200111346E+000,2.902087791E+000,1.050478151E-016
       218,1.100000000E+000,3.000000000E+000,3.131468760E-019
       219,1.100503248E+000,2.901786895E+000,1.339110451E-017
       220,1.000000000E+000,3.000000000E+000,4.941880710E-020
       221,1.000688193E+000,2.901328335E+000,2.102261329E-018
       222,9.000000000E-001,3.000000000E+000,8.155470927E-021
       223,9.006712516E-001,2.900879493E+000,3.476829591E-019
       224,8.000000000E-001,3.000000000E+000,1.258724232E-021
       225,8.005026503E-001,2.900506436E+000,5.446602409E-020
       226,7.000000000E-001,3.000000000E+000,1.709710231E-022
       227,7.002303127E-001,2.900191369E+000,7.604775434E-021
       228,6.000000000E-001,3.000000000E+000,1.938911084E-023
       229,5.999199813E-001,2.899987133E+000,9.032965770E-022
       230,5.000000000E-001,3.000000000E+000,1.718842124E-024
       231,4.996321214E-001,2.899905558E+000,8.641350225E-023
       232,4.000000000E-001,3.000000000E+000,1.069636593E-025
       233,3.994465926E-001,2.899938034E+000,6.192382979E-024
       234,3.000000000E-001,3.000000000E+000,3.670639125E-027
       235,2.993973557E-001,2.900035214E+000,2.942005224E-025
       236,2.000000000E-001,3.000000000E+000,1.313514465E-029
       237,1.994911393E-001,2.900157643E+000,7.149880874E-027
       238,4.000000000E+000,2.000000000E-001,1.219027217E-005
       239,3.900168512E+000,1.997191324E-001,1.158648229E-005
       240,4.000000000E+000,3.000000000E-001,8.082317072E-005
       241,3.900176137E+000,2.996799739E-001,7.796916907E-005
       242,4.000000000E+000,4.000000000E-001,3.793291398E-004
       243,3.900150609E+000,3.997003350E-001,3.703324765E-004
       244,4.000000000E+000,5.000000000E-001,1.338526839E-003
       245,3.900115640E+000,4.997610660E-001,1.319384435E-003
       246,4.000000000E+000,6.000000000E-001,3.704762785E-003
       247,3.900084725E+000,5.998498549E-001,3.679699264E-003
       248,4.000000000E+000,7.000000000E-001,8.331354707E-003
       249,3.900065892E+000,6.999695734E-001,8.324660361E-003
       250,4.000000000E+000,8.000000000E-001,1.572631113E-002
       251,3.900072366E+000,8.001378625E-001,1.578718796E-002
       252,4.000000000E+000,9.000000000E-001,2.569960617E-002
       253,3.900141582E+000,9.003756823E-001,2.588988468E-002
       254,4.000000000E+000,1.000000000E+000,3.742774576E-002
       255,3.900345746E+000,1.000685629E+000,3.779311106E-002
       256,4.000000000E+000,1.100000000E+000,4.988289997E-002
       257,3.900770783E+000,1.101018099E+000,5.043027923E-002
       258,4.000000000E+000,1.200000000E+000,6.231309474E-002
       259,3.901447948E+000,1.201238583E+000,6.304127723E-002
       260,4.000000000E+000,1.300000000E+000,7.448821515E-002
       261,3.902256695E+000,1.301175284E+000,7.548960298E-002
       262,4.000000000E+000,1.400000000E+000,8.659269661E-002
       263,3.902915168E+000,1.400771367E+000,8.808650076E-002
       264,4.000000000E+000,1.500000000E+000,9.941577166E-002
       265,3.903163020E+000,1.500161864E+000,1.013133451E-001
       266,4.000000000E+000,1.600000000E+000,1.006339416E-001
       267,3.902944890E+000,1.599568169E+000,1.025794446E-001
       268,4.000000000E+000,1.700000000E+000,8.947464079E-002
       269,3.902400769E+000,1.699157935E+000,9.101380408E-002
       270,4.000000000E+000,1.800000000E+000,7.817438245E-002
       271,3.901743861E+000,1.798987992E+000,7.922920585E-002
       272,4.000000000E+000,1.900000000E+000,6.656142324E-002
       273,3.901146957E+000,1.899020051E+000,6.742689013E-002
       274,4.000000000E+000,2.000000000E+000,5.428893492E-002
       275,3.900693811E+000,1.999174306E+000,5.503064394E-002
       276,4.000000000E+000,2.100000000E+000,4.146854207E-002
       277,3.900393477E+000,2.099379111E+000,4.202383384E-002
       278,4.000000000E+000,2.200000000E+000,2.890009619E-002
       279,3.900219255E+000,2.199592353E+000,2.922916599E-002
       280,4.000000000E+000,2.300000000E+000,1.784087159E-002
       281,3.900138689E+000,2.299798657E+000,1.797609217E-002
       282,4.000000000E+000,2.400000000E+000,9.438642301E-003
       283,3.900123237E+000,2.399992767E+000,9.457603097E-003
       284,4.000000000E+000,2.500000000E+000,4.126439337E-003
       285,3.900148478E+000,2.500154266E+000,4.104329739E-003
       286,4.000000000E+000,2.600000000E+000,1.431945711E-003
       287,3.900177348E+000,2.600252070E+000,1.411091886E-003
       288,4.000000000E+000,2.700000000E+000,3.761432890E-004
       289,3.900179788E+000,2.700273570E+000,3.664696706E-004
       290,4.000000000E+000,2.800000000E+000,7.012620335E-005
       291,3.900142999E+000,2.800220634E+000,6.740767276E-005
       292,1.989544834E-001,2.800225521E+000,5.892254537E-025
       293,1.983301160E-001,2.700179011E+000,2.617483555E-023
       294,1.975242659E-001,2.600052021E+000,7.362186141E-022
       295,1.965348445E-001,2.500076192E+000,1.427848154E-020
       296,1.952726864E-001,2.400562325E+000,2.182472102E-019
       297,1.936789641E-001,2.302040329E+000,2.823517948E-018
       298,1.918102686E-001,2.204876022E+000,3.077506609E-017
       299,1.903864765E-001,2.109841308E+000,2.130519208E-016
       300,1.904630273E-001,2.017336676E+000,1.798518689E-016
       301,1.932809427E-001,1.927700161E+000,2.965616364E-010
       302,2.001266700E-001,1.840989260E+000,3.937582349E-008
       303,2.138484590E-001,1.758218824E+000,9.596747259E-005
       304,2.356730026E-001,1.680938499E+000,7.073377818E-002
       305,2.598258278E-001,1.612050579E+000,1.443010569E-001
       306,2.851072097E-001,1.551775920E+000,1.498143673E-001
       307,2.680671081E-001,1.460667307E+000,1.193210334E-001
       308,3.146932034E-001,1.501963189E+000,1.334949285E-001
       309,2.126271518E-001,1.413382573E+000,9.317567945E-002
       310,3.800294955E+000,1.995187540E-001,1.012579105E-005
       311,3.800318129E+000,2.994394692E-001,7.054318849E-005
       312,3.800285673E+000,3.994652047E-001,3.449181386E-004
       313,3.800229356E+000,4.995750532E-001,1.259082928E-003
       314,3.800177056E+000,5.997588881E-001,3.582737874E-003
       315,3.800148129E+000,7.000285440E-001,8.236444555E-003
       316,3.800178180E+000,8.004130925E-001,1.581038907E-002
       317,3.800346029E+000,9.009324383E-001,2.614214271E-002
       318,3.800783532E+000,1.001558527E+000,3.832723945E-002
       319,3.801634696E+000,1.102159751E+000,5.119023472E-002
       320,3.802928351E+000,1.202472447E+000,6.397438794E-002
       321,3.804407856E+000,1.302228971E+000,7.682965696E-002
       322,3.805566663E+000,1.401396519E+000,9.039211273E-002
       323,3.805979860E+000,1.500235599E+000,1.043336317E-001
       324,3.805571080E+000,1.599119429E+000,1.055686995E-001
       325,3.804582770E+000,1.698333682E+000,9.319317341E-002
       326,3.803381608E+000,1.797984280E+000,8.050069213E-002
       327,3.802272043E+000,1.898016882E+000,6.852789968E-002
       328,3.801411850E+000,1.998300248E+000,5.610983446E-002
       329,3.800830301E+000,2.098705180E+000,4.287963361E-002
       330,3.800487617E+000,2.199144147E+000,2.970741503E-002
       331,3.800323059E+000,2.299570989E+000,1.810713485E-002
       332,3.800280987E+000,2.399951537E+000,9.394831955E-003
       333,3.800301978E+000,2.500241966E+000,4.001270514E-003
       334,3.800326211E+000,2.600406121E+000,1.343823387E-003
       335,3.800317243E+000,2.700452944E+000,3.393248480E-004
       336,3.800252323E+000,2.800374452E+000,6.041884990E-005
       337,3.700341317E+000,2.800483805E+000,5.104989395E-005
       338,3.600389280E+000,2.800510333E+000,4.062676453E-005
       339,3.500392351E+000,2.800495685E+000,3.034014844E-005
       340,3.400359205E+000,2.800468784E+000,2.116915311E-005
       341,3.300315580E+000,2.800441832E+000,1.375932334E-005
       342,3.200281063E+000,2.800403189E+000,8.332288417E-006
       343,3.100254792E+000,2.800340963E+000,4.725522103E-006
       344,3.000225785E+000,2.800260286E+000,2.542155926E-006
       345,2.900189099E+000,2.800178890E+000,1.337664685E-006
       346,2.800148066E+000,2.800111748E+000,7.133485838E-007
       347,2.700108494E+000,2.800064260E+000,3.826768875E-007
       348,2.600074171E+000,2.800034475E+000,2.018069694E-007
       349,2.500045368E+000,2.800017682E+000,1.035546902E-007
       350,2.400018602E+000,2.800009581E+000,5.136372394E-008
       351,2.299986159E+000,2.800007507E+000,2.446890335E-008
       352,2.199934800E+000,2.800010550E+000,1.110296477E-008
       353,2.099844333E+000,2.800020512E+000,4.743569537E-009
       354,1.999688384E+000,2.800046238E+000,1.878543543E-009
       355,1.899441577E+000,2.800113724E+000,6.759589000E-010
       356,1.799097577E+000,2.800280023E+000,2.156901185E-010
       357,1.698696812E+000,2.800636301E+000,5.938061848E-011
       358,1.598353756E+000,2.801274903E+000,1.384148091E-011
       359,1.498263512E+000,2.802194112E+000,2.722416476E-012
       360,1.398607071E+000,2.803177601E+000,4.067725161E-013
       361,1.299354695E+000,2.803826859E+000,4.570156441E-014
       362,1.200229640E+000,2.803859703E+000,5.779483676E-015
       363,1.100916663E+000,2.803336266E+000,8.401892387E-016
       364,1.001242170E+000,2.802536790E+000,1.359954013E-016
       365,9.011834653E-001,2.801691649E+000,2.230262566E-017
       366,8.008136986E-001,2.800871949E+000,3.439040206E-018
       367,7.002697522E-001,2.800205300E+000,4.746767156E-019
       368,5.996536077E-001,2.799772996E+000,5.618194565E-020
       369,4.991255528E-001,2.799617695E+000,5.430830482E-021
       370,3.988115159E-001,2.799691885E+000,4.028115381E-022
       371,2.987647592E-001,2.799914860E+000,2.071999334E-023
       372,2.952133693E-001,1.895484178E-001,4.091981711E-021
       373,3.947602916E-001,1.902136405E-001,2.461133418E-020
       374,4.948308428E-001,1.907611336E-001,1.475161722E-019
       375,5.950785426E-001,1.913140166E-001,1.794550761E-018
       376,6.952880201E-001,1.920526773E-001,2.223264948E-017
       377,7.954649324E-001,1.931143867E-001,1.878665740E-016
       378,8.957253245E-001,1.944249152E-001,1.094497752E-015
       379,9.961347575E-001,1.957918355E-001,4.718903982E-015
       380,1.096676639E+000,1.970262753E-001,1.618491243E-014
       381,1.197285133E+000,1.980168880E-001,4.765408717E-014
       382,1.297886064E+000,1.987392829E-001,1.335872060E-013
       383,1.398423316E+000,1.992275849E-001,3.720547633E-013
       384,1.498867691E+000,1.995392246E-001,1.024781822E-012
       385,1.599213379E+000,1.997301560E-001,2.782265087E-012
       386,1.699469310E+000,1.998439921E-001,7.459846976E-012
       387,1.799651129E+000,1.999107963E-001,1.976092553E-011
       388,1.899775896E+000,1.999497386E-001,5.155749785E-011
       389,1.999859144E+000,1.999723292E-001,1.317393972E-010
       390,2.099913624E+000,1.999852589E-001,3.276311722E-010
       391,2.199949341E+000,1.999924509E-001,7.890289533E-010
       392,2.299974400E+000,1.999961548E-001,1.834545849E-009
       393,2.399996114E+000,1.999970988E-001,4.115270347E-009
       394,2.500021856E+000,1.999935195E-001,8.919478489E-009
       395,2.600058914E+000,1.999790854E-001,1.875514144E-008
       396,2.700112159E+000,1.999414498E-001,3.861466169E-008
       397,2.800179547E+000,1.998658628E-001,7.955691927E-008
       398,2.900249186E+000,1.997467961E-001,1.630510411E-007
       399,3.000304062E+000,1.996015400E-001,3.264880775E-007
       400,3.100338066E+000,1.994669422E-001,6.288867098E-007
       401,3.200365906E+000,1.993750014E-001,1.147765829E-006
       402,3.300402430E+000,1.993142676E-001,1.961441058E-006
       403,3.400442285E+000,1.992789458E-001,3.122656381E-006
       404,3.500459153E+000,1.992752982E-001,4.630864623E-006
       405,3.600433953E+000,1.993165608E-001,6.407824458E-006
       406,3.700365758E+000,1.994098198E-001,8.308338693E-006
       407,2.979507537E-001,2.699646570E+000,8.660074123E-022
       408,2.968600169E-001,2.599333105E+000,2.361770124E-020
       409,2.953960322E-001,2.499298667E+000,4.624956539E-019
       410,2.934737242E-001,2.400217570E+000,7.009372174E-018
       411,2.910611950E-001,2.302530436E+000,8.820811192E-017
       412,2.884597773E-001,2.206948533E+000,9.393962786E-016
       413,2.863530970E-001,2.114013061E+000,8.060251177E-015
       414,2.857670640E-001,2.024312647E+000,1.693622727E-013
       415,2.871243386E-001,1.937732913E+000,3.438750396E-010
       416,2.918748417E-001,1.854753668E+000,1.201606494E-007
       417,3.008688422E-001,1.775480331E+000,1.196713201E-004
       418,3.134836066E-001,1.700780352E+000,6.098107621E-002
       419,3.270287569E-001,1.632592199E+000,1.340716630E-001
       420,3.391260201E-001,1.574064210E+000,1.464253664E-001
       421,3.479658422E-001,1.531523284E+000,1.384281665E-001
       422,3.617348260E-001,1.466005782E+000,1.161344722E-001
       423,3.898576785E-001,1.517789152E+000,1.316395998E-001
       424,3.210895525E-001,1.410468387E+000,9.189651906E-002
       425,2.704922909E-001,1.346282069E+000,5.898483098E-002
       426,3.979633545E-001,2.699241739E+000,1.636899475E-020
       427,3.966680064E-001,2.598794777E+000,4.551614570E-019
       428,3.948224672E-001,2.498930934E+000,9.126565767E-018
       429,3.923318701E-001,2.400233005E+000,1.403042712E-016
       430,3.892601080E-001,2.303562673E+000,1.761478600E-015
       431,3.859809330E-001,2.209427725E+000,1.826063274E-014
       432,3.831476015E-001,2.118332094E+000,1.523662517E-013
       433,3.813248964E-001,2.030507551E+000,1.473752002E-012
       434,3.810954309E-001,1.946106260E+000,5.092207767E-010
       435,3.831262176E-001,1.864777872E+000,2.297976067E-007
       436,3.873750140E-001,1.786272602E+000,1.494359458E-004
       437,3.927703443E-001,1.710969410E+000,5.718687922E-002
       438,3.970979807E-001,1.640107666E+000,1.296551228E-001
       439,3.976089334E-001,1.575100621E+000,1.431364119E-001
       440,4.493197533E-001,1.499636728E+000,1.227387488E-001
       441,4.647419617E-001,1.567344184E+000,1.393423527E-001
       442,4.223072676E-001,1.435140428E+000,1.012869254E-001
       443,3.871803627E-001,1.369336740E+000,7.421210408E-002
       444,3.474214742E-001,1.297449045E+000,4.282045737E-002
       445,3.082031595E-001,1.213640141E+000,1.286183484E-002
       446,2.871810761E-001,1.118925672E+000,3.243477840E-004
       447,2.768206394E-001,1.027048905E+000,5.505493732E-007
       448,2.737590934E-001,9.367464923E-001,1.320664356E-009
       449,2.744436692E-001,8.457789070E-001,1.339239570E-011
       450,2.766607356E-001,7.535570428E-001,2.055204151E-013
       451,2.794612963E-001,6.604288295E-001,4.563533999E-015
       452,2.826227180E-001,5.667629821E-001,3.062767905E-016
       453,2.859902498E-001,4.727786275E-001,3.115346152E-017
       454,2.893683715E-001,3.785388669E-001,2.607183542E-018
       455,2.925078630E-001,2.840918062E-001,1.340704935E-019
       456,3.700415317E+000,2.700552786E+000,2.988944470E-004
       457,3.600476579E+000,2.700593218E+000,2.498626127E-004
       458,3.500488474E+000,2.700608294E+000,1.971369784E-004
       459,3.400465070E+000,2.700615968E+000,1.460100611E-004
       460,3.300437622E+000,2.700614635E+000,1.011382556E-004
       461,3.200422333E+000,2.700584284E+000,6.547225348E-005
       462,3.100408116E+000,2.700507705E+000,3.979201210E-005
       463,3.000378169E+000,2.700397403E+000,2.302464418E-005
       464,2.900328016E+000,2.700280835E+000,1.310442804E-005
       465,2.800264944E+000,2.700180967E+000,7.527118669E-006
       466,2.700199274E+000,2.700107674E+000,4.288205673E-006
       467,2.600137715E+000,2.700060250E+000,2.385727612E-006
       468,2.500080687E+000,2.700033583E+000,1.285852477E-006
       469,2.400021775E+000,2.700022847E+000,6.674861197E-007
       470,2.299947591E+000,2.700025071E+000,3.316682751E-007
       471,2.199837128E+000,2.700038930E+000,1.565043846E-007
       472,2.099661675E+000,2.700066484E+000,6.939013986E-008
       473,1.999388936E+000,2.700120553E+000,2.851232495E-008
       474,1.898996356E+000,2.700239379E+000,1.067269206E-008
       475,1.798496385E+000,2.700503060E+000,3.565952200E-009
       476,1.697968438E+000,2.701033020E+000,1.040248221E-009
       477,1.597583928E+000,2.701939893E+000,2.612560168E-010
       478,1.497586374E+000,2.703190366E+000,5.643620987E-011
       479,1.398144354E+000,2.704466346E+000,9.903308208E-012
       480,1.299159966E+000,2.705269023E+000,1.473757856E-012
       481,1.200286711E+000,2.705295141E+000,2.303442268E-013
       482,1.101132423E+000,2.704638591E+000,3.781710053E-014
       483,1.001445668E+000,2.703542123E+000,6.364674599E-015
       484,9.012237427E-001,2.702220874E+000,1.031824408E-015
       485,8.006269442E-001,2.700976130E+000,1.535961372E-016
       486,6.997999774E-001,2.699961925E+000,2.037508969E-017
       487,5.989356032E-001,2.699362399E+000,2.326776138E-018
       488,4.982645752E-001,2.699145901E+000,2.206941139E-019
       489,3.700415468E+000,2.992880899E-001,6.037306593E-005
       490,3.700385585E+000,3.993076003E-001,3.065981728E-004
       491,3.700322199E+000,4.994604667E-001,1.157702995E-003
       492,3.700261364E+000,5.997498123E-001,3.392283106E-003
       493,3.700238358E+000,7.002012787E-001,7.987845689E-003
       494,3.700312427E+000,8.008381655E-001,1.560883224E-002
       495,3.700598894E+000,9.016520292E-001,2.609950304E-002
       496,3.701274089E+000,1.002554849E+000,3.844142333E-002
       497,3.702517104E+000,1.103321633E+000,5.129728094E-002
       498,3.704327391E+000,1.203601578E+000,6.395387650E-002
       499,3.706318877E+000,1.303111245E+000,7.703205943E-002
       500,3.707829246E+000,1.401876097E+000,9.156947583E-002
       501,3.708344387E+000,1.500245406E+000,1.061154678E-001
       502,3.707784876E+000,1.598686607E+000,1.071513742E-001
       503,3.706460653E+000,1.697564242E+000,9.386170655E-002
       504,3.704839416E+000,1.797028803E+000,8.026244491E-002
       505,3.703318488E+000,1.897031855E+000,6.842476875E-002
       506,3.702116231E+000,1.997416145E+000,5.636876449E-002
       507,3.701285934E+000,2.098009809E+000,4.317928106E-002
       508,3.700783340E+000,2.198678746E+000,2.977316082E-002
       509,3.700533478E+000,2.299325106E+000,1.792130992E-002
       510,3.700447986E+000,2.399873809E+000,9.113661014E-003
       511,3.700439668E+000,2.500262037E+000,3.778523533E-003
       512,3.700432483E+000,2.600457303E+000,1.228520880E-003
       513,3.915787197E-001,2.851949016E-001,1.203634852E-018
       514,4.914199435E-001,2.862323686E-001,1.133432240E-017
       515,5.916253743E-001,2.873047153E-001,1.333690830E-016
       516,6.919222226E-001,2.886349581E-001,9.713517612E-016
       517,7.923114341E-001,2.902865242E-001,5.276473584E-015
       518,8.928724006E-001,2.921572564E-001,2.279308740E-014
       519,9.936377030E-001,2.940454974E-001,8.318676016E-014
       520,1.094570685E+000,2.957237441E-001,2.659447911E-013
       521,1.195569828E+000,2.970755729E-001,7.834223721E-013
       522,1.296531950E+000,2.980772816E-001,2.278574031E-012
       523,1.397383669E+000,2.987707665E-001,6.605445791E-012
       524,1.498089148E+000,2.992274794E-001,1.891972690E-011
       525,1.598643361E+000,2.995189139E-001,5.333393102E-011
       526,1.699060423E+000,2.997020979E-001,1.473916822E-010
       527,1.799363376E+000,2.998170369E-001,3.970528351E-010
       528,1.899577322E+000,2.998894763E-001,1.036083774E-009
       529,1.999725338E+000,2.999350582E-001,2.604905625E-009
       530,2.099826851E+000,2.999632528E-001,6.287082854E-009
       531,2.199898016E+000,2.999800257E-001,1.454111587E-008
       532,2.299953043E+000,2.999889143E-001,3.222480416E-008
       533,2.400005446E+000,2.999905391E-001,6.850808631E-008
       534,2.500068216E+000,2.999804743E-001,1.400438947E-007
       535,2.600151610E+000,2.999462772E-001,2.763038083E-007
       536,2.700257546E+000,2.998675224E-001,5.298774113E-007
       537,2.800372814E+000,2.997250623E-001,1.008110075E-006
       538,2.900467764E+000,2.995225984E-001,1.927113317E-006
       539,3.000513086E+000,2.993052277E-001,3.629096227E-006
       540,3.100511994E+000,2.991495939E-001,6.568461686E-006
       541,3.200499655E+000,2.990734741E-001,1.122994945E-005
       542,3.300504522E+000,2.990602438E-001,1.795666140E-005
       543,3.400515591E+000,2.990792930E-001,2.678295459E-005
       544,3.500508245E+000,2.991263851E-001,3.733390986E-005
       545,3.600463458E+000,2.992090402E-001,4.887619070E-005
       546,4.721126766E-001,1.638865488E+000,1.285243630E-001
       547,5.395605769E-001,1.554011448E+000,1.346432716E-001
       548,5.526039781E-001,1.631645242E+000,1.285593659E-001
       549,5.197386622E-001,1.479332980E+000,1.146996841E-001
       550,4.929680709E-001,1.407345018E+000,8.999118954E-002
       551,4.615623514E-001,1.335502731E+000,6.180509552E-002
       552,4.285711989E-001,1.261045058E+000,3.264931217E-002
       553,3.982866014E-001,1.182021673E+000,9.310468100E-003
       554,3.762138811E-001,1.099711657E+000,2.645797213E-004
       555,3.632779500E-001,1.017795876E+000,6.832121926E-007
       556,3.614107053E-001,9.343688969E-001,1.837574426E-009
       557,3.645882174E-001,8.470983668E-001,1.529490770E-011
       558,3.693459646E-001,7.564559599E-001,3.091980881E-013
       559,3.743481948E-001,6.636497735E-001,2.057878404E-014
       560,3.792017318E-001,5.696545519E-001,2.903376316E-015
       561,3.837936247E-001,4.750491151E-001,3.587375908E-016
       562,3.879999454E-001,3.801573134E-001,2.881529986E-017
       563,3.600443855E+000,3.992170555E-001,2.597684797E-004
       564,3.600383937E+000,4.994048493E-001,1.023040968E-003
       565,3.600329802E+000,5.998070159E-001,3.112547565E-003
       566,3.600328779E+000,7.004525266E-001,7.562795654E-003
       567,3.600464070E+000,8.013488723E-001,1.512969192E-002
       568,3.600879198E+000,9.024346202E-001,2.567124926E-002
       569,3.601782637E+000,1.003546964E+000,3.802720830E-002
       570,3.603364102E+000,1.104383079E+000,5.066671595E-002
       571,3.605570794E+000,1.204558048E+000,6.298913807E-002
       572,3.607914873E+000,1.303816878E+000,7.627855241E-002
       573,3.609651878E+000,1.402239616E+000,9.193195403E-002
       574,3.610229775E+000,1.500228342E+000,1.071410105E-001
       575,3.609569803E+000,1.598304294E+000,1.078687608E-001
       576,3.608017205E+000,1.696886002E+000,9.339925647E-002
       577,3.606096786E+000,1.796167262E+000,7.870532572E-002
       578,3.604264914E+000,1.896120537E+000,6.713198870E-002
       579,3.602784145E+000,1.996583070E+000,5.571939424E-002
       580,3.601731078E+000,2.097353749E+000,4.279085994E-002
       581,3.601078781E+000,2.198239494E+000,2.930437773E-002
       582,3.600737330E+000,2.299088742E+000,1.734302938E-002
       583,3.600593147E+000,2.399780757E+000,8.589331061E-003
       584,3.600542146E+000,2.500250532E+000,3.440278117E-003
       585,3.600506743E+000,2.600489484E+000,1.074003172E-003
       586,3.500534897E+000,2.600538816E+000,8.928063908E-004
       587,3.400533554E+000,2.600582977E+000,7.014154689E-004
       588,3.300535705E+000,2.600620613E+000,5.180657608E-004
       589,3.200548171E+000,2.600617815E+000,3.591254645E-004
       590,3.100552271E+000,2.600559104E+000,2.345604880E-004
       591,3.000528326E+000,2.600453100E+000,1.466221875E-004
       592,2.900471272E+000,2.600332603E+000,9.031563968E-005
       593,2.800390330E+000,2.600223900E+000,5.554936797E-005
       594,2.700298454E+000,2.600140165E+000,3.354238288E-005
       595,2.600203842E+000,2.600084543E+000,1.968409379E-005
       596,2.500106214E+000,2.600055832E+000,1.115577470E-005
       597,2.399996451E+000,2.600052550E+000,6.074019893E-006
       598,2.299857398E+000,2.600073215E+000,3.159053904E-006
       599,2.199663995E+000,2.600115406E+000,1.558204190E-006
       600,2.099384481E+000,2.600179319E+000,7.222046179E-007
       601,1.998988013E+000,2.600279439E+000,3.109305453E-007
       602,1.898463597E+000,2.600463449E+000,1.226548534E-007
       603,1.797849693E+000,2.600829368E+000,4.365031003E-008
       604,1.697263946E+000,2.601517391E+000,1.379467651E-008
       605,1.596913986E+000,2.602636000E+000,3.836378770E-009
       606,1.497041903E+000,2.604105675E+000,9.388673172E-010
       607,1.397761902E+000,2.605540065E+000,1.974358455E-010
       608,1.298908972E+000,2.606417617E+000,3.740651539E-011
       609,1.200038888E+000,2.606471185E+000,6.921605216E-012
       610,1.100722008E+000,2.605683678E+000,1.243386470E-012
       611,1.000783160E+000,2.604238128E+000,2.137661250E-013
       612,9.003017814E-001,2.602631434E+000,3.406279978E-014
       613,7.994717166E-001,2.601053837E+000,4.879994825E-015
       614,6.984415201E-001,2.599888968E+000,6.134824585E-016
       615,5.974892103E-001,2.599130473E+000,6.674639477E-017
       616,4.968448438E-001,2.598833272E+000,6.139496634E-018
       617,4.873594380E-001,3.818559458E-001,3.365179578E-016
       618,5.873412594E-001,3.837337068E-001,5.624773108E-015
       619,6.877003496E-001,3.858429683E-001,2.946660250E-014
       620,7.883545030E-001,3.881039230E-001,1.068250916E-013
       621,8.893104283E-001,3.904672470E-001,3.523909138E-013
       622,9.905527103E-001,3.926624725E-001,1.116931526E-012
       623,1.091996929E+000,3.945907660E-001,3.413555896E-012
       624,1.193487100E+000,3.961682561E-001,1.027320156E-011
       625,1.294885667E+000,3.973682199E-001,3.084002151E-011
       626,1.396106063E+000,3.982283732E-001,9.198482948E-011
       627,1.497112773E+000,3.988199309E-001,2.711950386E-010
       628,1.597907450E+000,3.992177760E-001,7.840607608E-010
       629,1.698513170E+000,3.994839223E-001,2.198613736E-009
       630,1.798962351E+000,3.996630625E-001,5.919971624E-009
       631,1.899288853E+000,3.997844786E-001,1.520368365E-008
       632,1.999523441E+000,3.998664109E-001,3.712054308E-008
       633,2.099692547E+000,3.999204764E-001,8.610685853E-008
       634,2.199819246E+000,3.999544480E-001,1.899671247E-007
       635,2.299924722E+000,3.999729627E-001,3.994343274E-007
       636,2.400028832E+000,3.999761594E-001,8.025759257E-007
       637,2.500148414E+000,3.999565133E-001,1.545572218E-006
       638,2.600292213E+000,3.998959761E-001,2.863330337E-006
       639,2.700453100E+000,3.997689322E-001,5.135610081E-006
       640,2.800600951E+000,3.995601602E-001,9.063983271E-006
       641,2.900690382E+000,3.992976798E-001,1.610465188E-005
       642,3.000695776E+000,3.990761911E-001,2.833218787E-005
       643,3.100640766E+000,3.989573357E-001,4.785833153E-005
       644,3.200579577E+000,3.989550377E-001,7.627267769E-005
       645,3.300539840E+000,3.990142588E-001,1.138427397E-004
       646,3.400513146E+000,3.990917580E-001,1.590663742E-004
       647,3.500476470E+000,3.991715169E-001,2.090360213E-004
       648,4.948028977E-001,2.499048866E+000,1.259249604E-016
       649,4.919167105E-001,2.400908831E+000,2.005692492E-015
       650,4.883427382E-001,2.305126064E+000,2.540993810E-014
       651,4.844588315E-001,2.212211763E+000,2.599513486E-013
       652,4.808359199E-001,2.122476153E+000,2.158315627E-012
       653,4.779317122E-001,2.035919122E+000,1.705730522E-011
       654,4.760390607E-001,1.952219605E+000,2.867276194E-009
       655,4.753227902E-001,1.870699889E+000,2.620041187E-006
       656,4.753622213E-001,1.791026703E+000,2.736092778E-003
       657,4.749707138E-001,1.713340240E+000,5.945147574E-002
       658,5.603800603E-001,1.710453598E+000,6.731088459E-002
       659,6.369669128E-001,1.619575243E+000,1.284939498E-001
       660,6.488820107E-001,1.703163104E+000,7.753964514E-002
       661,6.199844122E-001,1.537592458E+000,1.295424402E-001
       662,5.976137048E-001,1.458436107E+000,1.072863042E-001
       663,5.706621824E-001,1.381604337E+000,8.069281280E-002
       664,5.411265051E-001,1.306054719E+000,5.225113034E-002
       665,5.111839277E-001,1.230286722E+000,2.548683807E-002
       666,4.828119904E-001,1.154038719E+000,6.659979001E-003
       667,4.581830054E-001,1.079351737E+000,1.831133268E-004
       668,4.403502601E-001,1.008946706E+000,7.901524555E-007
       669,4.449216954E-001,9.345308792E-001,3.043528762E-009
       670,4.538557695E-001,8.507884445E-001,1.694055451E-010
       671,4.626310304E-001,7.609599868E-001,1.548851325E-011
       672,4.703002289E-001,6.678186220E-001,1.055667598E-012
       673,4.768985465E-001,5.730677084E-001,6.937216101E-014
       674,4.825654913E-001,4.775900603E-001,5.337645033E-015
       675,3.500429365E+000,4.993855967E-001,8.649550728E-004
       676,3.500391778E+000,5.998835588E-001,2.753434936E-003
       677,3.500425144E+000,7.007126379E-001,6.954748649E-003
       678,3.500628679E+000,8.018427337E-001,1.433348283E-002
       679,3.501175164E+000,9.031613092E-001,2.478826419E-002
       680,3.502290759E+000,1.004427745E+000,3.701614216E-002
       681,3.504153646E+000,1.105284356E+000,4.927789792E-002
       682,3.506651156E+000,1.205341934E+000,6.116957963E-002
       683,3.509230141E+000,1.304382151E+000,7.480890304E-002
       684,3.511113608E+000,1.402524239E+000,9.177809954E-002
       685,3.511737999E+000,1.500201668E+000,1.077189967E-001
       686,3.511022393E+000,1.597972439E+000,1.080685183E-001
       687,3.509324960E+000,1.696299365E+000,9.213997424E-002
       688,3.507197697E+000,1.795417657E+000,7.606061548E-002
       689,3.505126033E+000,1.895326811E+000,6.473618001E-002
       690,3.503398870E+000,1.995870231E+000,5.413733050E-002
       691,3.502144645E+000,2.096801890E+000,4.162593186E-002
       692,3.501350083E+000,2.197885791E+000,2.821003273E-002
       693,3.500911773E+000,2.298901950E+000,1.632271148E-002
       694,3.500698056E+000,2.399704450E+000,7.817671634E-003
       695,3.500591512E+000,2.500229411E+000,3.001696197E-003
       696,3.400609629E+000,2.500279487E+000,2.493595239E-003
       697,3.300633256E+000,2.500337762E+000,1.961015631E-003
       698,3.200663253E+000,2.500377232E+000,1.455728896E-003
       699,3.100679553E+000,2.500364913E+000,1.023151097E-003
       700,3.000658564E+000,2.500315230E+000,6.914893747E-004
       701,2.900595207E+000,2.500246114E+000,4.593544290E-004
       702,2.800497277E+000,2.500179037E+000,3.008708591E-004
       703,2.700376876E+000,2.500125025E+000,1.921172807E-004
       704,2.600240847E+000,2.500091436E+000,1.188433453E-004
       705,2.500087010E+000,2.500086203E+000,7.088851999E-005
       706,2.399905370E+000,2.500116708E+000,4.059130515E-005
       707,2.299679663E+000,2.500185259E+000,2.220041461E-005
       708,2.199386618E+000,2.500287279E+000,1.152682762E-005
       709,2.098997276E+000,2.500418803E+000,5.639707069E-006
       710,1.998487772E+000,2.500593917E+000,2.577393161E-006
       711,1.897862769E+000,2.500867092E+000,1.089232001E-006
       712,1.797185605E+000,2.501347512E+000,4.210432962E-007
       713,1.696599255E+000,2.502178367E+000,1.472614173E-007
       714,1.596310975E+000,2.503445439E+000,4.628041594E-008
       715,1.496511470E+000,2.505023575E+000,1.302770691E-008
       716,1.397221101E+000,2.506507039E+000,3.248819658E-009
       717,1.298126206E+000,2.507432661E+000,7.367154664E-010
       718,1.198832633E+000,2.507510879E+000,1.539159494E-010
       719,1.099043432E+000,2.506640012E+000,2.952891057E-011
       720,9.987042814E-001,2.505233148E+000,5.154168325E-012
       721,8.979979220E-001,2.503541405E+000,8.039562939E-013
       722,7.970279041E-001,2.502029223E+000,1.108109779E-013
       723,6.959916854E-001,2.500813962E+000,1.333911636E-014
       724,5.951535193E-001,2.499932014E+000,1.391277874E-015
       725,5.821007845E-001,4.804984242E-001,2.274358273E-013
       726,6.823766207E-001,4.835196073E-001,7.948733902E-013
       727,7.832830625E-001,4.864939752E-001,1.850292706E-012
       728,8.847181273E-001,4.890803415E-001,4.570045297E-012
       729,9.865858259E-001,4.913835304E-001,1.293742717E-011
       730,1.088692515E+000,4.934059466E-001,3.893825193E-011
       731,1.190810860E+000,4.951187272E-001,1.179323444E-010
       732,1.292766608E+000,4.964857628E-001,3.561239914E-010
       733,1.394454749E+000,4.975129374E-001,1.074515255E-009
       734,1.495839571E+000,4.982557056E-001,3.213760147E-009
       735,1.596933604E+000,4.987834422E-001,9.362091546E-009
       736,1.697774282E+000,4.991576291E-001,2.610548933E-008
       737,1.798407745E+000,4.994245854E-001,6.889523974E-008
       738,1.898879412E+000,4.996158142E-001,1.712500648E-007
       739,1.999229664E+000,4.997517617E-001,4.007645202E-007
       740,2.099493443E+000,4.998460121E-001,8.849077062E-007
       741,2.199701539E+000,4.999078730E-001,1.849668138E-006
       742,2.299881683E+000,4.999427962E-001,3.673423407E-006
       743,2.400057741E+000,4.999503894E-001,6.956755897E-006
       744,2.500245790E+000,4.999209513E-001,1.260756289E-005
       745,2.600447575E+000,4.998341950E-001,2.195492016E-005
       746,2.700642640E+000,4.996686296E-001,3.698054934E-005
       747,2.800789031E+000,4.994365400E-001,6.099510938E-005
       748,2.900845281E+000,4.992175512E-001,1.005368176E-004
       749,3.000805378E+000,4.990824291E-001,1.639329712E-004
       750,3.100712159E+000,4.990825043E-001,2.570195356E-004
       751,3.200616247E+000,4.991742571E-001,3.808616311E-004
       752,3.300541771E+000,4.992926825E-001,5.304663209E-004
       753,3.400480222E+000,4.993837371E-001,6.960786413E-004
       754,5.920437914E-001,2.402158251E+000,2.246027800E-014
       755,5.880875699E-001,2.307030912E+000,2.884461604E-013
       756,5.836352786E-001,2.214977188E+000,2.956413543E-012
       757,5.792364601E-001,2.125956288E+000,2.462677631E-011
       758,5.752280663E-001,2.039664998E+000,1.882668743E-010
       759,5.717299885E-001,1.955342293E+000,1.810628980E-008
       760,5.686036130E-001,1.872514123E+000,1.162768149E-005
       761,5.652159254E-001,1.790571022E+000,9.697092697E-003
       762,6.567486923E-001,1.786687056E+000,1.931941509E-002
       763,7.389367907E-001,1.691782632E+000,8.700545877E-002
       764,7.497080361E-001,1.779343738E+000,3.021084331E-002
       765,7.240660571E-001,1.604907474E+000,1.277872771E-001
       766,7.044695678E-001,1.519917308E+000,1.243876740E-001
       767,6.804592095E-001,1.437487702E+000,1.004495695E-001
       768,6.534224204E-001,1.357523416E+000,7.275629044E-002
       769,6.250620927E-001,1.279171790E+000,4.449855536E-002
       770,5.963488369E-001,1.201239925E+000,2.001639269E-002
       771,5.668911169E-001,1.124100832E+000,4.852335900E-003
       772,5.348940952E-001,1.052713169E+000,1.158078958E-004
       773,4.993076819E-001,1.002383466E+000,8.423637610E-007
       774,5.257497694E-001,9.431393563E-001,2.644722485E-007
       775,5.447173003E-001,8.594994798E-001,6.644032169E-008
       776,5.579341436E-001,7.676077030E-001,7.428070603E-009
       777,5.678244576E-001,6.729343771E-001,3.341023846E-010
       778,5.756682011E-001,5.770016568E-001,8.966668553E-012
       779,3.400467202E+000,5.999479345E-001,2.335168188E-003
       780,3.400534518E+000,7.009095026E-001,6.177455653E-003
       781,3.400805774E+000,8.022327977E-001,1.320955809E-002
       782,3.401472432E+000,9.037390099E-001,2.341873944E-002
       783,3.402781742E+000,1.005138189E+000,3.538947180E-002
       784,3.404883966E+000,1.106022521E+000,4.717255011E-002
       785,3.407615537E+000,1.205998455E+000,5.864889920E-002
       786,3.410379473E+000,1.304865197E+000,7.288654894E-002
       787,3.412382381E+000,1.402763596E+000,9.135551006E-002
       788,3.413053131E+000,1.500161160E+000,1.080471352E-001
       789,3.412306418E+000,1.597663302E+000,1.079832241E-001
       790,3.410505089E+000,1.695778908E+000,9.036753327E-002
       791,3.408203765E+000,1.794778996E+000,7.257955521E-002
       792,3.405893121E+000,1.894688725E+000,6.137807667E-002
       793,3.403939189E+000,1.995322746E+000,5.165520310E-002
       794,3.402506340E+000,2.096415608E+000,3.964710236E-002
       795,3.401584832E+000,2.197657048E+000,2.644926123E-002
       796,3.401055747E+000,2.298792615E+000,1.485915575E-002
       797,3.400772500E+000,2.399661857E+000,6.828530226E-003
       798,3.300801822E+000,2.399702738E+000,5.691581406E-003
       799,3.200831211E+000,2.399756582E+000,4.511000123E-003
       800,3.100836498E+000,2.399813502E+000,3.404927207E-003
       801,3.000799137E+000,2.399860893E+000,2.478133654E-003
       802,2.900709629E+000,2.399910157E+000,1.762926811E-003
       803,2.800577208E+000,2.399955136E+000,1.224150416E-003
       804,2.700410221E+000,2.399998818E+000,8.252141415E-004
       805,2.600211704E+000,2.400048691E+000,5.382273812E-004
       806,2.499977746E+000,2.400122402E+000,3.385653836E-004
       807,2.399700914E+000,2.400239340E+000,2.046833979E-004
       808,2.299370970E+000,2.400407058E+000,1.184412540E-004
       809,2.198971136E+000,2.400618214E+000,6.528250378E-005
       810,2.098478809E+000,2.400863814E+000,3.408164775E-005
       811,1.997879222E+000,2.401156978E+000,1.674432860E-005
       812,1.897190470E+000,2.401556249E+000,7.684720913E-006
       813,1.796487728E+000,2.402173232E+000,3.267037755E-006
       814,1.695901406E+000,2.403137525E+000,1.274722536E-006
       815,1.595585490E+000,2.404495090E+000,4.525574866E-007
       816,1.495617162E+000,2.406085849E+000,1.450871849E-007
       817,1.395854907E+000,2.407535420E+000,4.161365652E-008
       818,1.296065554E+000,2.408532103E+000,1.067166266E-008
       819,1.196013066E+000,2.408770507E+000,2.440581071E-009
       820,1.095611004E+000,2.408258493E+000,4.953101262E-010
       821,9.949599807E-001,2.407231130E+000,8.852796274E-011
       822,8.941264795E-001,2.406054355E+000,1.378982345E-011
       823,7.932383729E-001,2.404916431E+000,1.854688712E-012
       824,6.924434958E-001,2.403807585E+000,2.162073553E-013
       825,6.756757024E-001,5.812065495E-001,2.350599576E-011
       826,7.768701914E-001,5.846208889E-001,3.590488323E-011
       827,8.789082934E-001,5.872736859E-001,6.377307016E-011
       828,9.814973399E-001,5.895179397E-001,1.486660794E-010
       829,1.084353562E+000,5.915944441E-001,4.058384739E-010
       830,1.187236285E+000,5.935180537E-001,1.195867738E-009
       831,1.289908631E+000,5.951631206E-001,3.569785578E-009
       832,1.392217357E+000,5.964619440E-001,1.069256417E-008
       833,1.494110771E+000,5.974403025E-001,3.191462383E-008
       834,1.595608570E+000,5.981617022E-001,9.205714946E-008
       835,1.696765196E+000,5.986908766E-001,2.506346277E-007
       836,1.797645264E+000,5.990802095E-001,6.375680641E-007
       837,1.898310789E+000,5.993674126E-001,1.512727295E-006
       838,1.998816375E+000,5.995781110E-001,3.356762591E-006
       839,2.099208779E+000,5.997293419E-001,6.998379376E-006
       840,2.199527769E+000,5.998321470E-001,1.377829267E-005
       841,2.299806268E+000,5.998923346E-001,2.574044629E-005
       842,2.400067922E+000,5.999089163E-001,4.583116242E-005
       843,2.500322345E+000,5.998728220E-001,7.809943781E-005
       844,2.600559897E+000,5.997717698E-001,1.280045399E-004
       845,2.700754063E+000,5.996291034E-001,2.031139884E-004
       846,2.800872681E+000,5.995154709E-001,3.146432573E-004
       847,2.900897726E+000,5.994689199E-001,4.813343694E-004
       848,3.000846470E+000,5.995356062E-001,7.247579633E-004
       849,3.100752881E+000,5.996825017E-001,1.051950385E-003
       850,3.200653766E+000,5.998549175E-001,1.448940719E-003
       851,3.300561076E+000,5.999798403E-001,1.888271538E-003
       852,6.626087982E-001,1.870607421E+000,8.118700352E-004
       853,7.573250056E-001,1.865946140E+000,3.687678371E-003
       854,8.431920659E-001,1.768592592E+000,4.108328000E-002
       855,8.527694534E-001,1.858690981E+000,8.530664258E-003
       856,8.303537571E-001,1.678406001E+000,9.430996329E-002
       857,8.133360819E-001,1.589038395E+000,1.264676750E-001
       858,7.919269313E-001,1.502011777E+000,1.194074601E-001
       859,7.670307856E-001,1.417376918E+000,9.428728372E-002
       860,7.402707660E-001,1.335412233E+000,6.606467813E-002
       861,7.133331719E-001,1.254730328E+000,3.843721375E-002
       862,6.867401335E-001,1.173066833E+000,1.614601538E-002
       863,6.588886365E-001,1.086924055E+000,3.729543416E-003
       864,6.214421636E-001,9.865507840E-001,6.196647882E-005
       865,6.444440195E-001,8.746585305E-001,1.706295762E-007
       866,6.577197144E-001,7.752320174E-001,1.550770357E-008
       867,6.676033327E-001,6.780958368E-001,7.036446981E-010
       868,6.881441742E-001,2.308954454E+000,2.756678349E-012
       869,6.830811214E-001,2.217138442E+000,2.834525496E-011
       870,6.778304623E-001,2.128126324E+000,2.397058940E-010
       871,6.727057237E-001,2.041069000E+000,3.174743801E-009
       872,6.677142549E-001,1.955156291E+000,8.370720934E-007
       873,3.300659608E+000,7.010183498E-001,5.271497183E-003
       874,3.300978412E+000,8.024634263E-001,1.178810000E-002
       875,3.301747813E+000,9.041335527E-001,2.157838829E-002
       876,3.303218717E+000,1.005668358E+000,3.317733109E-002
       877,3.305541729E+000,1.106629174E+000,4.444023967E-002
       878,3.308504117E+000,1.206575702E+000,5.562005937E-002
       879,3.311473415E+000,1.305294059E+000,7.076283544E-002
       880,3.313621545E+000,1.402950670E+000,9.083635360E-002
       881,3.314352230E+000,1.500075352E+000,1.082441956E-001
       882,3.313573349E+000,1.597336973E+000,1.077759117E-001
       883,3.311636315E+000,1.695297845E+000,8.831466734E-002
       884,3.309087284E+000,1.794255293E+000,6.851017475E-002
       885,3.306524837E+000,1.894214002E+000,5.722743645E-002
       886,3.304365110E+000,1.994977041E+000,4.834927619E-002
       887,3.302789626E+000,2.096205244E+000,3.687492013E-002
       888,3.301769029E+000,2.197550477E+000,2.405404113E-002
       889,3.301167835E+000,2.298737142E+000,1.301723346E-002
       890,3.201178432E+000,2.298764407E+000,1.093233656E-002
       891,3.101148166E+000,2.298857213E+000,8.800434880E-003
       892,3.001051741E+000,2.299018947E+000,6.838250440E-003
       893,2.900892853E+000,2.299219898E+000,5.163352937E-003
       894,2.800675270E+000,2.299446622E+000,3.784254659E-003
       895,2.700411426E+000,2.299671983E+000,2.688073087E-003
       896,2.600101600E+000,2.299898834E+000,1.848355168E-003
       897,2.499744635E+000,2.300146887E+000,1.228158944E-003
       898,2.399341688E+000,2.300440442E+000,7.866469095E-004
       899,2.298892044E+000,2.300787791E+000,4.841337213E-004
       900,2.198385417E+000,2.301177271E+000,2.851860772E-004
       901,2.097803433E+000,2.301596652E+000,1.600651012E-004
       902,1.997135605E+000,2.302061106E+000,8.513892681E-005
       903,1.896399749E+000,2.302633728E+000,4.263451410E-005
       904,1.795643253E+000,2.303421741E+000,1.993488695E-005
       905,1.694928728E+000,2.304510471E+000,8.620978406E-006
       906,1.594303166E+000,2.305896988E+000,3.415660558E-006
       907,1.493711123E+000,2.307402114E+000,1.228254519E-006
       908,1.393040730E+000,2.308852656E+000,3.948917424E-007
       909,1.292204937E+000,2.310050009E+000,1.117923247E-007
       910,1.191248142E+000,2.310775452E+000,2.771580832E-008
       911,1.090318126E+000,2.311075222E+000,5.998992414E-009
       912,9.894757006E-001,2.311092542E+000,1.114826786E-009
       913,8.887742720E-001,2.310943868E+000,1.762172769E-010
       914,7.882481099E-001,2.310507545E+000,2.361779002E-011
       915,7.694020267E-001,6.818114947E-001,8.000847207E-010
       916,8.722025622E-001,6.841884914E-001,1.084994650E-009
       917,9.754625443E-001,6.861997090E-001,1.899788549E-009
       918,1.079006596E+000,6.884111419E-001,4.889726402E-009
       919,1.182666272E+000,6.907924976E-001,1.999296551E-008
       920,1.286140153E+000,6.929960559E-001,6.384736650E-008
       921,1.389203210E+000,6.948253847E-001,1.531025333E-007
       922,1.491754849E+000,6.962362168E-001,3.409631972E-007
       923,1.593796666E+000,6.972839184E-001,8.077350344E-007
       924,1.695387215E+000,6.980512329E-001,1.990105375E-006
       925,1.796606646E+000,6.986135110E-001,4.741281828E-006
       926,1.897536545E+000,6.990284067E-001,1.058206453E-005
       927,1.998251006E+000,6.993359511E-001,2.205583223E-005
       928,2.098813407E+000,6.995614575E-001,4.312260717E-005
       929,2.199274833E+000,6.997189583E-001,7.955531328E-005
       930,2.299671717E+000,6.998137119E-001,1.392719569E-004
       931,2.400022337E+000,6.998452437E-001,2.325516834E-004
       932,2.500325671E+000,6.998168916E-001,3.723104310E-004
       933,2.600571094E+000,6.997866460E-001,5.748388357E-004
       934,2.700751679E+000,6.998570453E-001,8.605303010E-004
       935,2.800860697E+000,7.000215533E-001,1.254400471E-003
       936,2.900912658E+000,7.002793797E-001,1.787179033E-003
       937,3.000909224E+000,7.005662431E-001,2.489313716E-003
       938,3.100864539E+000,7.008379500E-001,3.348784521E-003
       939,3.200786186E+000,7.010293287E-001,4.302349873E-003
       940,7.826100235E-001,2.218356400E+000,2.389699549E-010
       941,7.764948166E-001,2.128500052E+000,2.483839134E-009
       942,7.702663821E-001,2.040112436E+000,4.061379570E-007
       943,7.639044373E-001,1.952479955E+000,9.644294914E-005
       944,8.606073947E-001,1.947560608E+000,5.928115570E-004
       945,9.493398842E-001,1.849186258E+000,1.425104868E-002
       946,9.583801970E-001,1.941011676E+000,1.681512222E-003
       947,9.382276554E-001,1.756722619E+000,5.078260228E-002
       948,9.236436965E-001,1.664280644E+000,9.963806719E-002
       949,9.047517022E-001,1.573291461E+000,1.247186810E-001
       950,8.819375334E-001,1.484520240E+000,1.146601662E-001
       951,8.564668877E-001,1.398750547E+000,8.873844147E-002
       952,8.298905744E-001,1.315717558E+000,6.041075662E-002
       953,8.044366457E-001,1.234346923E+000,3.390851617E-002
       954,7.824780058E-001,1.152037078E+000,1.369097736E-002
       955,7.640532225E-001,1.065842194E+000,3.014567075E-003
       956,7.512281937E-001,9.728127613E-001,7.487070252E-005
       957,7.545212296E-001,8.750957828E-001,2.270815003E-007
       958,7.617290688E-001,7.781498906E-001,1.604887423E-008
       959,3.201131743E+000,8.025464370E-001,1.014647912E-002
       960,3.201952480E+000,9.043326203E-001,1.933432557E-002
       961,3.203552882E+000,1.006030045E+000,3.044955805E-002
       962,3.206073979E+000,1.107099206E+000,4.119690135E-002
       963,3.209311027E+000,1.207046485E+000,5.228424072E-002
       964,3.212555993E+000,1.305627125E+000,6.864289194E-002
       965,3.214899682E+000,1.403046295E+000,9.033184499E-002
       966,3.215672114E+000,1.499914873E+000,1.083778068E-001
       967,3.214796927E+000,1.596987992E+000,1.075425595E-001
       968,3.212588843E+000,1.694869620E+000,8.615873754E-002
       969,3.209742136E+000,1.793854262E+000,6.407959014E-002
       970,3.206933207E+000,1.893932795E+000,5.245988443E-002
       971,3.204618225E+000,1.994829092E+000,4.432440549E-002
       972,3.202949772E+000,2.096152316E+000,3.339545429E-002
       973,3.201873111E+000,2.197523329E+000,2.114439569E-002
       974,3.101788552E+000,2.197590973E+000,1.792889833E-002
       975,3.001601866E+000,2.197800384E+000,1.468892116E-002
       976,2.901305146E+000,2.198144049E+000,1.165926456E-002
       977,2.800925485E+000,2.198568381E+000,8.969611488E-003
       978,2.700473159E+000,2.199054440E+000,6.690896116E-003
       979,2.599958885E+000,2.199578396E+000,4.840483423E-003
       980,2.499398084E+000,2.200134437E+000,3.394510830E-003
       981,2.398814612E+000,2.200736535E+000,2.304129070E-003
       982,2.298220109E+000,2.201376556E+000,1.510122092E-003
       983,2.197603748E+000,2.202031440E+000,9.524812922E-004
       984,2.096938951E+000,2.202690762E+000,5.757171311E-004
       985,1.996201420E+000,2.203382839E+000,3.316970251E-004
       986,1.895372367E+000,2.204184192E+000,1.809152309E-004
       987,1.794393457E+000,2.205145911E+000,9.268812573E-005
       988,1.693274251E+000,2.206319194E+000,4.431404886E-005
       989,1.591963871E+000,2.207641682E+000,1.977166539E-005
       990,1.490389961E+000,2.209095609E+000,8.325565432E-006
       991,1.388507594E+000,2.210640627E+000,3.362269126E-006
       992,1.286508969E+000,2.212255818E+000,1.288121098E-006
       993,1.184711591E+000,2.213874011E+000,4.370460545E-007
       994,1.083430817E+000,2.215494517E+000,1.154624201E-007
       995,9.826610491E-001,2.217011049E+000,1.838960273E-008
       996,8.823378077E-001,2.218282819E+000,1.869074895E-009
       997,8.656799428E-001,7.794819429E-001,1.824221663E-008
       998,9.694190948E-001,7.808410745E-001,2.449299963E-008
       999,1.073264101E+000,7.831598801E-001,1.674370651E-007
      1000,1.177348276E+000,7.863163333E-001,1.085315716E-006
      1001,1.281460601E+000,7.895430135E-001,3.261672646E-006
      1002,1.385284939E+000,7.923267637E-001,6.148956345E-006
      1003,1.488607872E+000,7.944933913E-001,8.983511179E-006
      1004,1.591346359E+000,7.960796929E-001,1.212468578E-005
      1005,1.693519975E+000,7.972101970E-001,1.801986764E-005
      1006,1.795204355E+000,7.980134083E-001,3.176788596E-005
      1007,1.896495700E+000,7.985918663E-001,6.080618186E-005
      1008,1.997490412E+000,7.990171366E-001,1.150067474E-004
      1009,2.098273377E+000,7.993322687E-001,2.077119134E-004
      1010,2.198909360E+000,7.995568294E-001,3.561890917E-004
      1011,2.299436363E+000,7.996967959E-001,5.814826582E-004
      1012,2.399869161E+000,7.997701252E-001,9.083561017E-004
      1013,2.500212543E+000,7.998702881E-001,1.366090961E-003
      1014,2.600493987E+000,8.001541505E-001,1.988085685E-003
      1015,2.700719517E+000,8.006109715E-001,2.808907768E-003
      1016,2.800927250E+000,8.011727639E-001,3.858207259E-003
      1017,2.901098699E+000,8.017148137E-001,5.152948666E-003
      1018,3.001212920E+000,8.021687573E-001,6.691668648E-003
      1019,3.101242390E+000,8.024742001E-001,8.401913568E-003
      1020,8.754376963E-001,2.127023971E+000,1.781165935E-007
      1021,8.681740183E-001,2.036791321E+000,1.528998837E-005
      1022,9.670010584E-001,2.032246139E+000,8.106593305E-005
      1023,1.058037452E+000,1.933709872E+000,3.245448461E-003
      1024,1.067036556E+000,2.027277695E+000,2.230886748E-004
      1025,1.048047322E+000,1.839532219E+000,2.007437125E-002
      1026,1.035618628E+000,1.744846537E+000,5.898117274E-002
      1027,1.019304182E+000,1.650342926E+000,1.034442335E-001
      1028,9.984508457E-001,1.557472975E+000,1.226019785E-001
      1029,9.739632751E-001,1.467836039E+000,1.099772379E-001
      1030,9.478480145E-001,1.381066337E+000,8.343065530E-002
      1031,9.204702477E-001,1.297262664E+000,5.504864454E-002
      1032,8.946606375E-001,1.217259169E+000,3.022552654E-002
      1033,8.772077732E-001,1.137163347E+000,1.211064775E-002
      1034,8.656694089E-001,1.053669896E+000,2.561966190E-003
      1035,8.599641374E-001,9.654446354E-001,7.003322389E-005
      1036,8.611446186E-001,8.732854998E-001,2.879456247E-007
      1037,3.102068515E+000,9.043448306E-001,1.680386066E-002
      1038,3.103721057E+000,1.006163985E+000,2.730473876E-002
      1039,3.106435496E+000,1.107351781E+000,3.756991774E-002
      1040,3.109960003E+000,1.207325275E+000,4.882815853E-002
      1041,3.113495017E+000,1.305791687E+000,6.667058170E-002
      1042,3.115939996E+000,1.403013602E+000,8.991375566E-002
      1043,3.116697679E+000,1.499699185E+000,1.084892973E-001
      1044,3.115604626E+000,1.596670636E+000,1.073224619E-001
      1045,3.113095652E+000,1.694552605E+000,8.402673155E-002
      1046,3.109979662E+000,1.793650074E+000,5.948325247E-002
      1047,3.107012474E+000,1.893872268E+000,4.724159092E-002
      1048,3.104626529E+000,1.994878746E+000,3.970742971E-002
      1049,3.102942889E+000,2.096225538E+000,2.936595678E-002
      1050,3.002654502E+000,2.096388231E+000,2.502077445E-002
      1051,2.902187763E+000,2.096765795E+000,2.066489682E-002
      1052,2.801560558E+000,2.097369199E+000,1.656998135E-002
      1053,2.700794000E+000,2.098166038E+000,1.290992368E-002
      1054,2.599923668E+000,2.099088910E+000,9.782191366E-003
      1055,2.499025885E+000,2.100105233E+000,7.211216260E-003
      1056,2.398168531E+000,2.101168233E+000,5.168625619E-003
      1057,2.297378207E+000,2.102226890E+000,3.596079536E-003
      1058,2.196628909E+000,2.103236616E+000,2.422295511E-003
      1059,2.095860379E+000,2.104197540E+000,1.574120834E-003
      1060,1.994998398E+000,2.105171503E+000,9.829782648E-004
      1061,1.893869286E+000,2.106183928E+000,5.884456332E-004
      1062,1.792422072E+000,2.107280583E+000,3.396789834E-004
      1063,1.690595688E+000,2.108393086E+000,1.945714175E-004
      1064,1.588350793E+000,2.109647903E+000,1.171036274E-004
      1065,1.485593793E+000,2.111075389E+000,7.716889377E-005
      1066,1.382493254E+000,2.112880388E+000,5.297241660E-005
      1067,1.279482289E+000,2.115216295E+000,3.330447362E-005
      1068,1.177036693E+000,2.118005104E+000,1.732504097E-005
      1069,1.075630484E+000,2.121172561E+000,6.925175967E-006
      1070,9.751401688E-001,2.124337463E+000,1.757129439E-006
      1071,9.647845788E-001,8.730428567E-001,3.709340035E-007
      1072,1.067900205E+000,8.752250218E-001,9.701835552E-006
      1073,1.171495140E+000,8.796516814E-001,4.365855784E-005
      1074,1.275806808E+000,8.845189075E-001,1.016164097E-004
      1075,1.380303010E+000,8.888095123E-001,1.652599603E-004
      1076,1.484487356E+000,8.921390379E-001,2.156112751E-004
      1077,1.588082847E+000,8.945290827E-001,2.446664730E-004
      1078,1.691015463E+000,8.961672917E-001,2.610170050E-004
      1079,1.793319819E+000,8.972846317E-001,2.891234471E-004
      1080,1.895094039E+000,8.980621494E-001,3.663351818E-004
      1081,1.996456218E+000,8.986236779E-001,5.304981023E-004
      1082,2.097515970E+000,8.990407887E-001,8.135420503E-004
      1083,2.198354924E+000,8.993456496E-001,1.247760607E-003
      1084,2.299028351E+000,8.995740262E-001,1.868582796E-003
      1085,2.399574736E+000,8.998379182E-001,2.715676324E-003
      1086,2.500063879E+000,9.003169920E-001,3.832539544E-003
      1087,2.600512436E+000,9.010695690E-001,5.259751342E-003
      1088,2.700976455E+000,9.019776308E-001,7.024513092E-003
      1089,2.801437092E+000,9.028667930E-001,9.126964957E-003
      1090,2.901835701E+000,9.035969073E-001,1.153141446E-002
      1091,3.002087737E+000,9.041018570E-001,1.414351631E-002
      1092,1.168747171E+000,2.022560427E+000,4.367516376E-004
      1093,1.159696588E+000,1.926919536E+000,5.080731120E-003
      1094,1.149183788E+000,1.830562541E+000,2.556096949E-002
      1095,1.135792912E+000,1.733373638E+000,6.580830365E-002
      1096,1.117848254E+000,1.635992446E+000,1.060510203E-001
      1097,1.094334301E+000,1.540764553E+000,1.199550703E-001
      1098,1.066521548E+000,1.450894912E+000,1.050925776E-001
      1099,1.041024555E+000,1.362950491E+000,7.821239531E-002
      1100,1.011734443E+000,1.276374633E+000,4.877516255E-002
      1101,9.782447509E-001,1.201322286E+000,2.664780058E-002
      1102,9.675925833E-001,1.127178369E+000,1.159900613E-002
      1103,9.632576376E-001,1.047489271E+000,2.403619234E-003
      1104,9.627497119E-001,9.622821522E-001,6.890358054E-005
      1105,3.003735549E+000,1.005989385E+000,2.387201041E-002
      1106,3.006532131E+000,1.107279813E+000,3.369449079E-002
      1107,3.010215874E+000,1.207277555E+000,4.541000724E-002
      1108,3.013797573E+000,1.305680115E+000,6.493468583E-002
      1109,3.016228642E+000,1.402830208E+000,8.961342275E-002
      1110,3.016904400E+000,1.499484756E+000,1.086019799E-001
      1111,3.015580688E+000,1.596481370E+000,1.071332246E-001
      1112,3.012853043E+000,1.694490533E+000,8.200287819E-002
      1113,3.009635807E+000,1.793745357E+000,5.488111079E-002
      1114,3.006676862E+000,1.894085876E+000,4.172892869E-002
      1115,3.004358767E+000,1.995110808E+000,3.465684131E-002
      1116,1.063106020E+000,9.639594270E-001,3.114876163E-004
      1117,1.164710452E+000,9.706216544E-001,8.325733361E-004
      1118,1.268913781E+000,9.779441286E-001,1.411996665E-003
      1119,1.374110674E+000,9.843820346E-001,1.961520175E-003
      1120,1.479259892E+000,9.893187746E-001,2.375837183E-003
      1121,1.583874669E+000,9.927467051E-001,2.605904359E-003
      1122,1.687730501E+000,9.950289665E-001,2.678232035E-003
      1123,1.790802504E+000,9.965355231E-001,2.667503664E-003
      1124,1.893179595E+000,9.975487876E-001,2.681349637E-003
      1125,1.994997319E+000,9.982615561E-001,2.847176045E-003
      1126,2.096393261E+000,9.987881775E-001,3.265505657E-003
      1127,2.197490247E+000,9.992098856E-001,3.993912600E-003
      1128,2.298404550E+000,9.996474290E-001,5.077235401E-003
      1129,2.399257382E+000,1.000268484E+000,6.558684632E-003
      1130,2.500112427E+000,1.001198710E+000,8.473888971E-003
      1131,2.601020528E+000,1.002363072E+000,1.084032375E-002
      1132,2.701970927E+000,1.003572769E+000,1.364447176E-002
      1133,2.802860067E+000,1.004630459E+000,1.683666371E-002
      1134,2.903547236E+000,1.005426637E+000,2.031205595E-002
      1135,2.903741643E+000,1.995430024E+000,2.945159003E-002
      1136,2.802816210E+000,1.996140217E+000,2.440668084E-002
      1137,2.701600786E+000,1.997222703E+000,1.973433793E-002
      1138,2.600208622E+000,1.998609184E+000,1.557996031E-002
      1139,2.498808651E+000,2.000177223E+000,1.202198397E-002
      1140,2.397542211E+000,2.001809527E+000,9.075106122E-003
      1141,2.296464738E+000,2.003359435E+000,6.708492059E-003
      1142,2.195511097E+000,2.004764981E+000,4.865933675E-003
      1143,2.094554987E+000,2.006057587E+000,3.481498454E-003
      1144,1.993354156E+000,2.007290241E+000,2.489810809E-003
      1145,1.891723744E+000,2.008475037E+000,1.828233246E-003
      1146,1.789559576E+000,2.009473808E+000,1.433940837E-003
      1147,1.686858128E+000,2.010438258E+000,1.235392177E-003
      1148,1.583533329E+000,2.011500761E+000,1.145055634E-003
      1149,1.479612139E+000,2.012928539E+000,1.067194040E-003
      1150,1.375448819E+000,2.015164757E+000,9.241868393E-004
      1151,1.271681393E+000,2.018461117E+000,6.943253102E-004
      1152,1.263019384E+000,1.921140332E+000,6.904945243E-003
      1153,1.252625489E+000,1.822666080E+000,3.023285605E-002
      1154,1.239185901E+000,1.722413496E+000,7.098098844E-002
      1155,1.220472398E+000,1.620303315E+000,1.070257500E-001
      1156,1.193032486E+000,1.519260871E+000,1.165262461E-001
      1157,1.155168472E+000,1.432853312E+000,1.007240340E-001
      1158,1.137097030E+000,1.345548874E+000,7.651156932E-002
      1159,1.112156287E+000,1.241429923E+000,4.031277075E-002
      1160,1.043083309E+000,1.184161665E+000,2.550976165E-002
      1161,1.051999344E+000,1.124221898E+000,1.479377970E-002
      1162,1.058317947E+000,1.048076955E+000,3.945087548E-003
      1163,2.906220665E+000,1.106734665E+000,2.971392125E-002
      1164,2.909743199E+000,1.206751748E+000,4.216269776E-002
      1165,2.913106769E+000,1.305229757E+000,6.348190457E-002
      1166,2.915472520E+000,1.402523606E+000,8.943162113E-002
      1167,2.915909842E+000,1.499359987E+000,1.087296754E-001
      1168,2.914406499E+000,1.596609086E+000,1.069772542E-001
      1169,2.911678259E+000,1.694866694E+000,8.013305813E-002
      1170,2.908627524E+000,1.794277339E+000,5.040017888E-002
      1171,2.905919968E+000,1.894624153E+000,3.612717986E-002
      1172,1.155876429E+000,1.059448638E+000,6.429496221E-003
      1173,1.260411827E+000,1.070255890E+000,8.369518444E-003
      1174,1.366575131E+000,1.079486802E+000,1.030670293E-002
      1175,1.472905437E+000,1.086397598E+000,1.174524520E-002
      1176,1.578688412E+000,1.091105931E+000,1.258718688E-002
      1177,1.683594793E+000,1.094168501E+000,1.293949969E-002
      1178,1.787546441E+000,1.096132870E+000,1.295205951E-002
      1179,1.890620557E+000,1.097406978E+000,1.277744118E-002
      1180,1.992972826E+000,1.098269591E+000,1.259001251E-002
      1181,2.094785804E+000,1.098904004E+000,1.258505136E-002
      1182,2.196282976E+000,1.099470014E+000,1.291599125E-002
      1183,2.297652844E+000,1.100132847E+000,1.368571725E-002
      1184,2.399072349E+000,1.101025300E+000,1.497645117E-002
      1185,2.500618053E+000,1.102183675E+000,1.683988236E-002
      1186,2.602295272E+000,1.103465339E+000,1.928800531E-002
      1187,2.703938743E+000,1.104682102E+000,2.229997516E-002
      1188,2.805389522E+000,1.105702276E+000,2.582957596E-002
      1189,2.804716766E+000,1.895341444E+000,3.069829196E-002
      1190,2.703007386E+000,1.896641765E+000,2.569003962E-002
      1191,2.600980778E+000,1.898420838E+000,2.126396820E-002
      1192,2.498918627E+000,1.900515818E+000,1.752207801E-002
      1193,2.397106045E+000,1.902630990E+000,1.453431789E-002
      1194,2.295604601E+000,1.904580196E+000,1.227944717E-002
      1195,2.194309927E+000,1.906319050E+000,1.066481788E-002
      1196,2.092965644E+000,1.907909216E+000,9.574640542E-003
      1197,1.991254087E+000,1.909338975E+000,8.910547011E-003
      1198,1.888944929E+000,1.910430537E+000,8.609698154E-003
      1199,1.785971901E+000,1.911185754E+000,8.605794050E-003
      1200,1.682286456E+000,1.911771601E+000,8.781596087E-003
      1201,1.577828917E+000,1.912508790E+000,8.947521448E-003
      1202,1.472740572E+000,1.913936135E+000,8.850545622E-003
      1203,1.367452301E+000,1.916683170E+000,8.236498572E-003
      1204,2.808442601E+000,1.205796476E+000,3.921871260E-002
      1205,2.811490951E+000,1.304528573E+000,6.234103814E-002
      1206,2.813404820E+000,1.402206277E+000,8.936956525E-002
      1207,2.813524117E+000,1.499529738E+000,1.088912711E-001
      1208,2.812002882E+000,1.597263659E+000,1.068513542E-001
      1209,2.809563672E+000,1.695854296E+000,7.842729986E-002
      1210,2.806977110E+000,1.795363295E+000,4.618457705E-002
      1211,1.141871121E+000,1.147543197E+000,1.970939338E-002
      1212,1.249864733E+000,1.162247274E+000,2.386868931E-002
      1213,1.357609010E+000,1.174805962E+000,2.849905193E-002
      1214,1.465448418E+000,1.184101977E+000,3.150460869E-002
      1215,1.572674767E+000,1.190269069E+000,3.325253725E-002
      1216,1.678791935E+000,1.194178206E+000,3.413333744E-002
      1217,1.783709195E+000,1.196611561E+000,3.442229331E-002
      1218,1.887538560E+000,1.198131930E+000,3.429880738E-002
      1219,1.990481259E+000,1.199098025E+000,3.390023485E-002
      1220,2.092831970E+000,1.199773303E+000,3.340373561E-002
      1221,2.194860564E+000,1.200357188E+000,3.300031647E-002
      1222,2.296873984E+000,1.201010970E+000,3.283960000E-002
      1223,2.399065143E+000,1.201841036E+000,3.304932266E-002
      1224,2.501508398E+000,1.202815626E+000,3.372874111E-002
      1225,2.604053418E+000,1.203797037E+000,3.493697941E-002
      1226,2.706485415E+000,1.204674323E+000,3.675877303E-002
      1227,2.704845640E+000,1.796730965E+000,4.241221026E-002
      1228,2.602162794E+000,1.798738009E+000,3.921477124E-002
      1229,2.499406734E+000,1.801053012E+000,3.668681532E-002
      1230,2.396948890E+000,1.803338749E+000,3.489362821E-002
      1231,2.294904437E+000,1.805457097E+000,3.378390521E-002
      1232,2.193108495E+000,1.807395632E+000,3.319694474E-002
      1233,2.091230133E+000,1.809125507E+000,3.296823055E-002
      1234,1.988907005E+000,1.810482848E+000,3.299985453E-002
      1235,1.885901715E+000,1.811305576E+000,3.325499967E-002
      1236,1.782094804E+000,1.811614169E+000,3.367190808E-002
      1237,1.677376452E+000,1.811694605E+000,3.410181776E-002
      1238,1.571709642E+000,1.812017765E+000,3.436654806E-002
      1239,1.465102123E+000,1.813310996E+000,3.418635949E-002
      1240,1.358083757E+000,1.816523238E+000,3.311182559E-002
      1241,2.708819572E+000,1.303793784E+000,6.154054403E-002
      1242,2.710111351E+000,1.402093709E+000,8.943393081E-002
      1243,2.709956874E+000,1.500151038E+000,1.091156378E-001
      1244,2.708614009E+000,1.598528889E+000,1.067532077E-001
      1245,2.706685026E+000,1.697516542E+000,7.691211998E-002
      1246,1.238290102E+000,1.254520006E+000,4.960681126E-002
      1247,1.346969252E+000,1.271309234E+000,5.605565757E-002
      1248,1.457049849E+000,1.283379548E+000,5.954263359E-002
      1249,1.566354489E+000,1.290929017E+000,6.165985391E-002
      1250,1.673945714E+000,1.295524944E+000,6.280367076E-002
      1251,1.779881510E+000,1.298305356E+000,6.332567334E-002
      1252,1.884455852E+000,1.299957170E+000,6.343072653E-002
      1253,1.988012967E+000,1.300909371E+000,6.323502213E-002
      1254,2.090897794E+000,1.301440544E+000,6.283923239E-002
      1255,2.193489896E+000,1.301785444E+000,6.234497949E-002
      1256,2.296131979E+000,1.302106011E+000,6.184217706E-002
      1257,2.399046655E+000,1.302490293E+000,6.141866371E-002
      1258,2.502236171E+000,1.302890932E+000,6.114660203E-002
      1259,2.605496195E+000,1.303230140E+000,6.114246696E-002
      1260,2.603517860E+000,1.699416297E+000,7.568151504E-002
      1261,2.500159709E+000,1.701548157E+000,7.477972656E-002
      1262,2.397106101E+000,1.703668787E+000,7.419636846E-002
      1263,2.294492435E+000,1.705681236E+000,7.389913499E-002
      1264,2.192146636E+000,1.707531081E+000,7.379718125E-002
      1265,2.089716922E+000,1.709088063E+000,7.381472737E-002
      1266,1.986829790E+000,1.710148158E+000,7.392922044E-002
      1267,1.883204599E+000,1.710555788E+000,7.414565980E-002
      1268,1.778622969E+000,1.710382263E+000,7.440716773E-002
      1269,1.672910492E+000,1.709883246E+000,7.460079342E-002
      1270,1.565727799E+000,1.709526364E+000,7.461965084E-002
      1271,1.456692953E+000,1.710140823E+000,7.428686321E-002
      1272,1.346375211E+000,1.713374799E+000,7.355475426E-002
      1273,2.606156723E+000,1.402256936E+000,8.963502198E-002
      1274,2.605813513E+000,1.501148069E+000,1.094116196E-001
      1275,2.604734391E+000,1.600240105E+000,1.066903770E-001
      1276,2.501016324E+000,1.601935702E+000,1.066760793E-001
      1277,2.397549009E+000,1.603609631E+000,1.066958979E-001
      1278,2.294500114E+000,1.605204269E+000,1.067306623E-001
      1279,2.191716671E+000,1.606642444E+000,1.067759022E-001
      1280,2.088865657E+000,1.607772979E+000,1.068278104E-001
      1281,1.985575623E+000,1.608395781E+000,1.068865061E-001
      1282,1.881507135E+000,1.608372009E+000,1.069627479E-001
      1283,1.776361629E+000,1.607689305E+000,1.070719585E-001
      1284,1.669695649E+000,1.606424601E+000,1.072110012E-001
      1285,1.560618446E+000,1.604759518E+000,1.072882339E-001
      1286,1.447805882E+000,1.603336844E+000,1.070080474E-001
      1287,1.330269062E+000,1.604401661E+000,1.068160459E-001
      1288,1.234587794E+000,1.343598114E+000,8.148282766E-002
      1289,1.333435119E+000,1.370476873E+000,8.658356965E-002
      1290,1.448171525E+000,1.385513348E+000,8.852785081E-002
      1291,1.560800052E+000,1.393597670E+000,9.030507505E-002
      1292,1.670104317E+000,1.398276739E+000,9.113400429E-002
      1293,1.776962230E+000,1.401036227E+000,9.152320027E-002
      1294,1.882145447E+000,1.402601844E+000,9.165066481E-002
      1295,1.986175774E+000,1.403362158E+000,9.160443395E-002
      1296,2.089472478E+000,1.403581971E+000,9.143084288E-002
      1297,2.192445728E+000,1.403481752E+000,9.115380794E-002
      1298,2.295459531E+000,1.403239064E+000,9.080171585E-002
      1299,2.398745354E+000,1.402939187E+000,9.039950371E-002
      1300,2.502263077E+000,1.402581701E+000,8.998026699E-002
      1301,2.501766722E+000,1.502251809E+000,1.097436324E-001
      1302,1.303087242E+000,1.479705071E+000,1.096056923E-001
      1303,1.225927713E+000,1.413756663E+000,9.952933341E-002
      1304,2.398167085E+000,1.503297178E+000,1.100690886E-001
      1305,2.294933192E+000,1.504270925E+000,1.103603467E-001
      1306,2.191930103E+000,1.505114891E+000,1.106034443E-001
      1307,2.088877079E+000,1.505702243E+000,1.107904688E-001
      1308,1.985419358E+000,1.505853100E+000,1.109037027E-001
      1309,1.881189524E+000,1.505399610E+000,1.109492257E-001
      1310,1.775775473E+000,1.504183313E+000,1.109657958E-001
      1311,1.668494788E+000,1.501984166E+000,1.109578162E-001
      1312,1.557877941E+000,1.498330275E+000,1.108719707E-001
      1313,1.440656343E+000,1.492484595E+000,1.105616167E-001
