nodenumber,    x-coordinate,    y-coordinate,            c2h6
         1,5.000000000E-003,1.495000000E+000,5.000000000E-001
         2,7.068731585E-002,1.508940903E+000,2.911098003E-001
         3,4.403980658E-002,1.551726335E+000,2.072605044E-001
         4,5.000000000E-003,1.505000000E+000,5.000000000E-001
         5,0.000000000E+000,1.401562500E+000,0.000000000E+000
         6,4.885011125E-002,1.420179041E+000,3.364090249E-002
         7,0.000000000E+000,1.308125000E+000,0.000000000E+000
         8,7.311745740E-002,1.332834160E+000,1.227040589E-002
         9,0.000000000E+000,1.214687500E+000,0.000000000E+000
        10,9.163935468E-002,1.233594264E+000,2.289006254E-003
        11,0.000000000E+000,1.121250000E+000,0.000000000E+000
        12,9.293068681E-002,1.130193112E+000,1.926791592E-004
        13,0.000000000E+000,1.027812500E+000,0.000000000E+000
        14,9.200790270E-002,1.032520923E+000,1.516917791E-007
        15,0.000000000E+000,9.343750000E-001,0.000000000E+000
        16,9.154873500E-002,9.374881323E-001,7.760930232E-010
        17,0.000000000E+000,8.409375000E-001,0.000000000E+000
        18,9.167399806E-002,8.433870407E-001,1.239657509E-011
        19,0.000000000E+000,7.475000000E-001,0.000000000E+000
        20,9.202744179E-002,7.495515556E-001,1.880072026E-013
        21,0.000000000E+000,6.540625000E-001,0.000000000E+000
        22,9.247372448E-002,6.558636677E-001,2.949632573E-015
        23,0.000000000E+000,5.606250000E-001,0.000000000E+000
        24,9.318908419E-002,5.623162447E-001,4.980731408E-017
        25,0.000000000E+000,4.671875000E-001,0.000000000E+000
        26,9.418217718E-002,4.688433463E-001,8.595087437E-019
        27,0.000000000E+000,3.737500000E-001,0.000000000E+000
        28,9.541534025E-002,3.753235534E-001,1.456217864E-020
        29,0.000000000E+000,2.803125000E-001,0.000000000E+000
        30,9.671003948E-002,2.816812100E-001,2.266938350E-022
        31,0.000000000E+000,1.868750000E-001,0.000000000E+000
        32,9.794447158E-002,1.878815348E-001,2.945794763E-024
        33,0.000000000E+000,9.343750000E-002,0.000000000E+000
        34,9.903156835E-002,9.396601986E-002,2.820036604E-026
        35,1.000000000E-001,0.000000000E+000,3.034485350E-028
        36,1.296169358E-001,1.544792676E+000,1.931085587E-001
        37,8.791972767E-002,1.609006182E+000,1.316450238E-001
        38,0.000000000E+000,1.604666667E+000,0.000000000E+000
        39,0.000000000E+000,1.704333333E+000,0.000000000E+000
        40,1.080148662E-001,1.444755429E+000,1.137461215E-001
        41,1.467218116E-001,1.365526554E+000,5.064621195E-002
        42,2.004344076E-001,1.258945830E+000,1.729630120E-002
        43,1.903731293E-001,1.134177214E+000,3.839778947E-004
        44,1.850594977E-001,1.033369404E+000,3.786341836E-007
        45,1.831936565E-001,9.384875433E-001,9.958783798E-010
        46,1.832964667E-001,8.449589326E-001,1.294153760E-011
        47,1.842018722E-001,7.514773118E-001,1.977175883E-013
        48,1.855417882E-001,6.579176590E-001,3.447272265E-015
        49,1.872827760E-001,5.643401717E-001,8.147663521E-017
        50,1.894343189E-001,4.707069784E-001,1.829871167E-018
        51,1.918078477E-001,3.769321486E-001,3.599220527E-020
        52,1.941776018E-001,2.829466657E-001,5.805952144E-022
        53,1.963314809E-001,1.887738361E-001,7.239017596E-024
        54,1.982661708E-001,9.442722923E-002,6.656859448E-026
        55,2.000000000E-001,0.000000000E+000,7.486946251E-028
        56,0.000000000E+000,2.900333333E+000,0.000000000E+000
        57,9.968951002E-002,2.900279686E+000,2.201439887E-042
        58,1.000000000E-001,3.000000000E+000,0.000000000E+000
        59,0.000000000E+000,2.800666667E+000,0.000000000E+000
        60,9.938784282E-002,2.800496682E+000,2.195834694E-042
        61,0.000000000E+000,2.701000000E+000,0.000000000E+000
        62,9.904535511E-002,2.700651168E+000,0.000000000E+000
        63,0.000000000E+000,2.601333333E+000,0.000000000E+000
        64,9.863369449E-002,2.600771921E+000,0.000000000E+000
        65,0.000000000E+000,2.501666667E+000,0.000000000E+000
        66,9.813047639E-002,2.500887636E+000,0.000000000E+000
        67,0.000000000E+000,2.402000000E+000,0.000000000E+000
        68,9.753055251E-002,2.401241585E+000,0.000000000E+000
        69,0.000000000E+000,2.302333333E+000,0.000000000E+000
        70,9.675921123E-002,2.301982994E+000,0.000000000E+000
        71,0.000000000E+000,2.202666667E+000,0.000000000E+000
        72,9.581920229E-002,2.203473636E+000,0.000000000E+000
        73,0.000000000E+000,2.103000000E+000,0.000000000E+000
        74,9.492835950E-002,2.105973350E+000,0.000000000E+000
        75,0.000000000E+000,2.003333333E+000,0.000000000E+000
        76,9.516299480E-002,2.010171472E+000,0.000000000E+000
        77,0.000000000E+000,1.903666667E+000,0.000000000E+000
        78,9.773096928E-002,1.916072999E+000,2.590827552E-010
        79,0.000000000E+000,1.804000000E+000,0.000000000E+000
        80,1.046013373E-001,1.823884243E+000,2.649738484E-010
        81,1.210841388E-001,1.734513284E+000,7.304158498E-005
        82,1.585703802E-001,1.651170293E+000,9.339164197E-002
        83,1.932784265E-001,1.581416991E+000,1.625013500E-001
        84,1.689688396E-001,1.480310834E+000,1.451791525E-001
        85,2.278424348E-001,1.518248758E+000,1.515563428E-001
        86,3.000000000E-001,0.000000000E+000,1.158700892E-027
        87,2.977260861E-001,9.484802243E-002,1.080733031E-025
        88,4.000000000E-001,0.000000000E+000,1.036396733E-027
        89,3.975684519E-001,9.514614137E-002,6.418157534E-026
        90,5.000000000E-001,0.000000000E+000,3.843460186E-028
        91,4.976510431E-001,9.537715493E-002,1.946210348E-028
        92,6.000000000E-001,0.000000000E+000,6.475519554E-025
        93,5.978152136E-001,9.558791154E-002,7.234067809E-023
        94,7.000000000E-001,0.000000000E+000,2.422667413E-023
        95,6.979197474E-001,9.590817765E-002,3.667323825E-021
        96,8.000000000E-001,0.000000000E+000,2.682431515E-022
        97,7.979717994E-001,9.642282942E-002,2.726263222E-020
        98,9.000000000E-001,0.000000000E+000,1.200697694E-021
        99,8.980519089E-001,9.710150517E-002,9.667884728E-020
       100,1.000000000E+000,0.000000000E+000,3.066600263E-021
       101,9.982132645E-001,9.782740336E-002,2.158573691E-019
       102,1.100000000E+000,0.000000000E+000,5.367782194E-021
       103,1.098453615E+000,9.848489320E-002,3.510354962E-019
       104,1.200000000E+000,0.000000000E+000,7.270409482E-021
       105,1.198737675E+000,9.900852077E-002,4.586323069E-019
       106,1.300000000E+000,0.000000000E+000,8.363447075E-021
       107,1.299024051E+000,9.938533769E-002,5.177602627E-019
       108,1.400000000E+000,0.000000000E+000,9.063389699E-021
       109,1.399281227E+000,9.963548423E-002,5.451831612E-019
       110,1.500000000E+000,0.000000000E+000,9.810379836E-021
       111,1.499492670E+000,9.979136044E-002,5.663606909E-019
       112,1.600000000E+000,0.000000000E+000,1.059661016E-020
       113,1.599654958E+000,9.988392508E-002,5.877440336E-019
       114,1.700000000E+000,0.000000000E+000,1.141892947E-020
       115,1.699772883E+000,9.993690568E-002,6.094756192E-019
       116,1.800000000E+000,0.000000000E+000,1.228439627E-020
       117,1.799854782E+000,9.996636617E-002,6.317935208E-019
       118,1.900000000E+000,0.000000000E+000,1.322370105E-020
       119,1.899909506E+000,9.998239816E-002,6.552571193E-019
       120,2.000000000E+000,0.000000000E+000,1.433274911E-020
       121,1.999944893E+000,9.999098639E-002,6.837220068E-019
       122,2.100000000E+000,0.000000000E+000,1.595039127E-020
       123,2.099967182E+000,9.999551215E-002,7.375857336E-019
       124,2.200000000E+000,0.000000000E+000,1.933602860E-020
       125,2.199981034E+000,9.999784248E-002,8.720400647E-019
       126,2.300000000E+000,0.000000000E+000,2.833862617E-020
       127,2.299989917E+000,9.999899015E-002,1.319994866E-018
       128,2.400000000E+000,0.000000000E+000,5.820981123E-020
       129,2.399996661E+000,9.999937915E-002,3.280040583E-018
       130,2.500000000E+000,0.000000000E+000,1.827087006E-019
       131,2.500004052E+000,9.999862817E-002,1.269377223E-017
       132,2.600000000E+000,0.000000000E+000,7.874783213E-019
       133,2.600015173E+000,9.999468687E-002,5.832789974E-017
       134,2.700000000E+000,0.000000000E+000,4.027741753E-018
       135,2.700033061E+000,9.998270116E-002,2.860238092E-016
       136,2.800000000E+000,0.000000000E+000,2.346208472E-017
       137,2.800059118E+000,9.995543823E-002,1.532844396E-015
       138,2.900000000E+000,0.000000000E+000,1.593887970E-016
       139,2.900091295E+000,9.990754210E-002,9.328239170E-015
       140,3.000000000E+000,0.000000000E+000,1.234142780E-015
       141,3.000124616E+000,9.984219836E-002,6.207549394E-014
       142,3.100000000E+000,0.000000000E+000,9.780566622E-015
       143,3.100155835E+000,9.977231454E-002,4.072882981E-013
       144,3.200000000E+000,0.000000000E+000,7.180481931E-014
       145,3.200188553E+000,9.970956414E-002,2.440932005E-012
       146,3.300000000E+000,0.000000000E+000,4.739337178E-013
       147,3.300226727E+000,9.965786037E-002,1.326486317E-011
       148,3.400000000E+000,0.000000000E+000,2.868232561E-012
       149,3.400265797E+000,9.961185986E-002,6.681863396E-011
       150,3.500000000E+000,0.000000000E+000,1.616853006E-011
       151,3.500291344E+000,9.958507260E-002,3.184794650E-010
       152,3.600000000E+000,0.000000000E+000,8.538515728E-011
       153,3.600285496E+000,9.958844769E-002,1.446820219E-009
       154,3.700000000E+000,0.000000000E+000,4.206827942E-010
       155,3.700246380E+000,9.963106929E-002,6.239619488E-009
       156,3.800000000E+000,0.000000000E+000,1.938695871E-009
       157,3.800187134E+000,9.970972574E-002,2.534617849E-008
       158,3.900000000E+000,0.000000000E+000,8.210676583E-009
       159,3.900100009E+000,9.983971998E-002,9.293024306E-008
       160,4.000000000E+000,1.000000000E-001,1.452836074E-007
       161,3.900000000E+000,3.000000000E+000,6.742936876E-009
       162,3.900094140E+000,2.900145918E+000,7.480334574E-008
       163,4.000000000E+000,2.900000000E+000,1.199577326E-007
       164,3.800000000E+000,3.000000000E+000,1.441262332E-009
       165,3.800157179E+000,2.900240848E+000,1.810071737E-008
       166,3.700000000E+000,3.000000000E+000,2.859878723E-010
       167,3.700202010E+000,2.900293312E+000,3.952563610E-009
       168,3.600000000E+000,3.000000000E+000,5.363324368E-011
       169,3.600225842E+000,2.900298548E+000,8.157622911E-010
       170,3.500000000E+000,3.000000000E+000,9.723347995E-012
       171,3.500225004E+000,2.900274724E+000,1.635574176E-010
       172,3.400000000E+000,3.000000000E+000,1.707503605E-012
       173,3.400201257E+000,2.900242942E+000,3.188534853E-011
       174,3.300000000E+000,3.000000000E+000,2.897738473E-013
       175,3.300167765E+000,2.900215022E+000,6.007316606E-012
       176,3.200000000E+000,3.000000000E+000,4.770379106E-014
       177,3.200138226E+000,2.900188571E+000,1.090529793E-012
       178,3.100000000E+000,3.000000000E+000,7.800163781E-015
       179,3.100116277E+000,2.900155914E+000,1.932545514E-013
       180,3.000000000E+000,3.000000000E+000,1.316269083E-015
       181,3.000097537E+000,2.900116914E+000,3.437831955E-014
       182,2.900000000E+000,3.000000000E+000,2.356593625E-016
       183,2.900078472E+000,2.900078738E+000,6.311322535E-015
       184,2.800000000E+000,3.000000000E+000,4.497570911E-017
       185,2.800059428E+000,2.900047992E+000,1.214808512E-015
       186,2.700000000E+000,3.000000000E+000,9.069362092E-018
       187,2.700042291E+000,2.900026822E+000,2.468451473E-016
       188,2.600000000E+000,3.000000000E+000,1.918861325E-018
       189,2.600028317E+000,2.900013927E+000,5.346246639E-017
       190,2.500000000E+000,3.000000000E+000,4.273041337E-019
       191,2.500017483E+000,2.900006812E+000,1.268054148E-017
       192,2.400000000E+000,3.000000000E+000,1.022639449E-019
       193,2.400008448E+000,2.900003261E+000,3.508248754E-018
       194,2.300000000E+000,3.000000000E+000,2.782893105E-020
       195,2.299998257E+000,2.900001860E+000,1.254276400E-018
       196,2.200000000E+000,3.000000000E+000,9.667031213E-021
       197,2.199981402E+000,2.900002095E+000,6.252193995E-019
       198,2.100000000E+000,3.000000000E+000,4.814475104E-021
       199,2.099948438E+000,2.900004756E+000,4.187518099E-019
       200,2.000000000E+000,3.000000000E+000,3.244356853E-021
       201,1.999885164E+000,2.900013839E+000,3.382948727E-019
       202,1.900000000E+000,3.000000000E+000,2.505795638E-021
       203,1.899774685E+000,2.900041533E+000,2.962008662E-019
       204,1.800000000E+000,3.000000000E+000,2.024242831E-021
       205,1.799606094E+000,2.900116818E+000,2.551948866E-019
       206,1.700000000E+000,3.000000000E+000,1.531065573E-021
       207,1.699391000E+000,2.900290082E+000,1.901202260E-019
       208,1.600000000E+000,3.000000000E+000,8.543043010E-022
       209,1.599182040E+000,2.900617639E+000,9.980789705E-020
       210,1.500000000E+000,3.000000000E+000,2.498498434E-022
       211,1.499084022E+000,2.901111762E+000,2.754285258E-020
       212,1.400000000E+000,3.000000000E+000,1.732237731E-023
       213,1.399221828E+000,2.901666142E+000,1.990028735E-021
       214,1.300000000E+000,3.000000000E+000,0.000000000E+000
       215,1.299616206E+000,2.902054052E+000,6.536979510E-024
       216,1.200000000E+000,3.000000000E+000,3.173083136E-031
       217,1.200111346E+000,2.902087791E+000,9.944501712E-028
       218,1.100000000E+000,3.000000000E+000,3.765011075E-031
       219,1.100503248E+000,2.901786895E+000,1.889765743E-031
       220,1.000000000E+000,3.000000000E+000,6.571531814E-032
       221,1.000688193E+000,2.901328335E+000,6.122937309E-032
       222,9.000000000E-001,3.000000000E+000,7.153544340E-033
       223,9.006712516E-001,2.900879493E+000,4.307526168E-032
       224,8.000000000E-001,3.000000000E+000,6.813918308E-034
       225,8.005026503E-001,2.900506436E+000,1.285757484E-032
       226,7.000000000E-001,3.000000000E+000,5.362073157E-035
       227,7.002303127E-001,2.900191369E+000,1.237070786E-033
       228,6.000000000E-001,3.000000000E+000,3.411878810E-036
       229,5.999199813E-001,2.899987133E+000,9.348355301E-035
       230,5.000000000E-001,3.000000000E+000,1.631364879E-037
       231,4.996321214E-001,2.899905558E+000,5.246187020E-036
       232,4.000000000E-001,3.000000000E+000,5.235548138E-039
       233,3.994465926E-001,2.899938034E+000,2.213025599E-037
       234,3.000000000E-001,3.000000000E+000,8.370095857E-041
       235,2.993973557E-001,2.900035214E+000,7.045032233E-039
       236,2.000000000E-001,3.000000000E+000,0.000000000E+000
       237,1.994911393E-001,2.900157643E+000,1.614688194E-040
       238,4.000000000E+000,2.000000000E-001,1.820300326E-006
       239,3.900168512E+000,1.997191324E-001,1.189007321E-006
       240,4.000000000E+000,3.000000000E-001,1.560980854E-005
       241,3.900176137E+000,2.996799739E-001,1.039219023E-005
       242,4.000000000E+000,4.000000000E-001,9.894005780E-005
       243,3.900150609E+000,3.997003350E-001,6.721246609E-005
       244,4.000000000E+000,5.000000000E-001,4.800283059E-004
       245,3.900115640E+000,4.997610660E-001,3.340728872E-004
       246,4.000000000E+000,6.000000000E-001,1.807634952E-003
       247,3.900084725E+000,5.998498549E-001,1.298282878E-003
       248,4.000000000E+000,7.000000000E-001,5.321755074E-003
       249,3.900065892E+000,6.999695734E-001,3.983731382E-003
       250,4.000000000E+000,8.000000000E-001,1.241598837E-002
       251,3.900072366E+000,8.001378625E-001,9.774382226E-003
       252,4.000000000E+000,9.000000000E-001,2.358243056E-002
       253,3.900141582E+000,9.003756823E-001,1.959634945E-002
       254,4.000000000E+000,1.000000000E+000,3.789946809E-002
       255,3.900345746E+000,1.000685629E+000,3.313796595E-002
       256,4.000000000E+000,1.100000000E+000,5.375997350E-002
       257,3.900770783E+000,1.101018099E+000,4.907487333E-002
       258,4.000000000E+000,1.200000000E+000,6.982966512E-002
       259,3.901447948E+000,1.201238583E+000,6.596021354E-002
       260,4.000000000E+000,1.300000000E+000,8.523590118E-002
       261,3.902256695E+000,1.301175284E+000,8.267626911E-002
       262,4.000000000E+000,1.400000000E+000,9.918805212E-002
       263,3.902915168E+000,1.400771367E+000,9.809658676E-002
       264,4.000000000E+000,1.500000000E+000,1.112462133E-001
       265,3.903163020E+000,1.500161864E+000,1.110585406E-001
       266,4.000000000E+000,1.600000000E+000,1.114655882E-001
       267,3.902944890E+000,1.599568169E+000,1.109463423E-001
       268,4.000000000E+000,1.700000000E+000,9.819861501E-002
       269,3.902400769E+000,1.699157935E+000,9.599617124E-002
       270,4.000000000E+000,1.800000000E+000,8.104398102E-002
       271,3.901743861E+000,1.798987992E+000,7.666277885E-002
       272,4.000000000E+000,1.900000000E+000,6.216170639E-002
       273,3.901146957E+000,1.899020051E+000,5.626870319E-002
       274,4.000000000E+000,2.000000000E+000,4.326251894E-002
       275,3.900693811E+000,1.999174306E+000,3.710894287E-002
       276,4.000000000E+000,2.100000000E+000,2.631903440E-002
       277,3.900393477E+000,2.099379111E+000,2.124244906E-002
       278,4.000000000E+000,2.200000000E+000,1.340610068E-002
       279,3.900219255E+000,2.199592353E+000,1.017455198E-002
       280,4.000000000E+000,2.300000000E+000,5.505587906E-003
       281,3.900138689E+000,2.299798657E+000,3.958048299E-003
       282,4.000000000E+000,2.400000000E+000,1.780373394E-003
       283,3.900123237E+000,2.399992767E+000,1.227363246E-003
       284,4.000000000E+000,2.500000000E+000,4.496145411E-004
       285,3.900148478E+000,2.500154266E+000,3.007540072E-004
       286,4.000000000E+000,2.600000000E+000,8.848593279E-005
       287,3.900177348E+000,2.600252070E+000,5.790528303E-005
       288,4.000000000E+000,2.700000000E+000,1.343040458E-005
       289,3.900179788E+000,2.700273570E+000,8.636849998E-006
       290,4.000000000E+000,2.800000000E+000,1.522868274E-006
       291,3.900142999E+000,2.800220634E+000,9.646721537E-007
       292,1.989544834E-001,2.800225521E+000,8.554153608E-039
       293,1.983301160E-001,2.700179011E+000,8.380043675E-039
       294,1.975242659E-001,2.600052021E+000,0.000000000E+000
       295,1.965348445E-001,2.500076192E+000,0.000000000E+000
       296,1.952726864E-001,2.400562325E+000,0.000000000E+000
       297,1.936789641E-001,2.302040329E+000,0.000000000E+000
       298,1.918102686E-001,2.204876022E+000,0.000000000E+000
       299,1.903864765E-001,2.109841308E+000,0.000000000E+000
       300,1.904630273E-001,2.017336676E+000,0.000000000E+000
       301,1.932809427E-001,1.927700161E+000,2.971252688E-010
       302,2.001266700E-001,1.840989260E+000,3.946586347E-008
       303,2.138484590E-001,1.758218824E+000,9.600564226E-005
       304,2.356730026E-001,1.680938499E+000,7.071764022E-002
       305,2.598258278E-001,1.612050579E+000,1.442821771E-001
       306,2.851072097E-001,1.551775920E+000,1.498211920E-001
       307,2.680671081E-001,1.460667307E+000,1.193575561E-001
       308,3.146932034E-001,1.501963189E+000,1.335252523E-001
       309,2.126271518E-001,1.413382573E+000,9.320960939E-002
       310,3.800294955E+000,1.995187540E-001,3.562820154E-007
       311,3.800318129E+000,2.994394692E-001,3.379072041E-006
       312,3.800285673E+000,3.994652047E-001,2.372430936E-005
       313,3.800229356E+000,4.995750532E-001,1.292149100E-004
       314,3.800177056E+000,5.997588881E-001,5.600682343E-004
       315,3.800148129E+000,7.000285440E-001,1.957961358E-003
       316,3.800178180E+000,8.004130925E-001,5.556387827E-003
       317,3.800346029E+000,9.009324383E-001,1.288207807E-002
       318,3.800783532E+000,1.001558527E+000,2.477508597E-002
       319,3.801634696E+000,1.102159751E+000,4.065188766E-002
       320,3.802928351E+000,1.202472447E+000,5.896317214E-002
       321,3.804407856E+000,1.302228971E+000,7.811225206E-002
       322,3.805566663E+000,1.401396519E+000,9.625421464E-002
       323,3.805979860E+000,1.500235599E+000,1.107984856E-001
       324,3.805571080E+000,1.599119429E+000,1.100388691E-001
       325,3.804582770E+000,1.698333682E+000,9.198498726E-002
       326,3.803381608E+000,1.797984280E+000,6.854938716E-002
       327,3.802272043E+000,1.898016882E+000,4.548112303E-002
       328,3.801411850E+000,1.998300248E+000,2.626424283E-002
       329,3.800830301E+000,2.098705180E+000,1.281004399E-002
       330,3.800487617E+000,2.199144147E+000,5.159018096E-003
       331,3.800323059E+000,2.299570989E+000,1.699714572E-003
       332,3.800280987E+000,2.399951537E+000,4.571578465E-004
       333,3.800301978E+000,2.500241966E+000,9.997594316E-005
       334,3.800326211E+000,2.600406121E+000,1.756925667E-005
       335,3.800317243E+000,2.700452944E+000,2.422822718E-006
       336,3.800252323E+000,2.800374452E+000,2.518603424E-007
       337,3.700341317E+000,2.800483805E+000,5.985705798E-008
       338,3.600389280E+000,2.800510333E+000,1.368572189E-008
       339,3.500392351E+000,2.800495685E+000,3.079394295E-009
       340,3.400359205E+000,2.800468784E+000,6.828054233E-010
       341,3.300315580E+000,2.800441832E+000,1.481068185E-010
       342,3.200281063E+000,2.800403189E+000,3.125232018E-011
       343,3.100254792E+000,2.800340963E+000,6.449239146E-012
       344,3.000225785E+000,2.800260286E+000,1.323867014E-012
       345,2.900189099E+000,2.800178890E+000,2.760363552E-013
       346,2.800148066E+000,2.800111748E+000,5.967557178E-014
       347,2.700108494E+000,2.800064260E+000,1.368333700E-014
       348,2.600074171E+000,2.800034475E+000,3.427638676E-015
       349,2.500045368E+000,2.800017682E+000,9.784540265E-016
       350,2.400018602E+000,2.800009581E+000,3.376073481E-016
       351,2.299986159E+000,2.800007507E+000,1.493680266E-016
       352,2.199934800E+000,2.800010550E+000,8.588706959E-017
       353,2.099844333E+000,2.800020512E+000,6.111928358E-017
       354,1.999688384E+000,2.800046238E+000,4.996160312E-017
       355,1.899441577E+000,2.800113724E+000,4.347340354E-017
       356,1.799097577E+000,2.800280023E+000,3.675855315E-017
       357,1.698696812E+000,2.800636301E+000,2.646654533E-017
       358,1.598353756E+000,2.801274903E+000,1.336665636E-017
       359,1.498263512E+000,2.802194112E+000,3.580381385E-018
       360,1.398607071E+000,2.803177601E+000,2.724698558E-019
       361,1.299354695E+000,2.803826859E+000,1.337270443E-021
       362,1.200229640E+000,2.803859703E+000,9.940193407E-028
       363,1.100916663E+000,2.803336266E+000,0.000000000E+000
       364,1.001242170E+000,2.802536790E+000,2.802186633E-032
       365,9.011834653E-001,2.801691649E+000,3.960633965E-032
       366,8.008136986E-001,2.800871949E+000,1.257374732E-032
       367,7.002697522E-001,2.800205300E+000,4.074783576E-033
       368,5.996536077E-001,2.799772996E+000,3.172020078E-033
       369,4.991255528E-001,2.799617695E+000,2.312787431E-034
       370,3.988115159E-001,2.799691885E+000,1.059376617E-035
       371,2.987647592E-001,2.799914860E+000,3.620023200E-037
       372,2.952133693E-001,1.895484178E-001,1.295020883E-023
       373,3.947602916E-001,1.902136405E-001,8.093332657E-024
       374,4.948308428E-001,1.907611336E-001,0.000000000E+000
       375,5.950785426E-001,1.913140166E-001,8.957377295E-020
       376,6.952880201E-001,1.920526773E-001,8.512239612E-019
       377,7.954649324E-001,1.931143867E-001,3.541238371E-018
       378,8.957253245E-001,1.944249152E-001,9.012265950E-018
       379,9.961347575E-001,1.957918355E-001,1.641712310E-017
       380,1.096676639E+000,1.970262753E-001,2.366860029E-017
       381,1.197285133E+000,1.980168880E-001,2.895819696E-017
       382,1.297886064E+000,1.987392829E-001,3.166705465E-017
       383,1.398423316E+000,1.992275849E-001,3.278182611E-017
       384,1.498867691E+000,1.995392246E-001,3.356856752E-017
       385,1.599213379E+000,1.997301560E-001,3.435189763E-017
       386,1.699469310E+000,1.998439921E-001,3.514552780E-017
       387,1.799651129E+000,1.999107963E-001,3.596345061E-017
       388,1.899775896E+000,1.999497386E-001,3.683363138E-017
       389,1.999859144E+000,1.999723292E-001,3.834068497E-017
       390,2.099913624E+000,1.999852589E-001,4.277103786E-017
       391,2.199949341E+000,1.999924509E-001,5.963968246E-017
       392,2.299974400E+000,1.999961548E-001,1.321658198E-016
       393,2.399996114E+000,1.999970988E-001,4.422145406E-016
       394,2.500021856E+000,1.999935195E-001,1.707038098E-015
       395,2.600058914E+000,1.999790854E-001,6.764024799E-015
       396,2.700112159E+000,1.999414498E-001,2.787846654E-014
       397,2.800179547E+000,1.998658628E-001,1.261346035E-013
       398,2.900249186E+000,1.997467961E-001,6.410789868E-013
       399,3.000304062E+000,1.996015400E-001,3.460859420E-012
       400,3.100338066E+000,1.994669422E-001,1.804666312E-011
       401,3.200365906E+000,1.993750014E-001,8.664426815E-011
       402,3.300402430E+000,1.993142676E-001,3.835827211E-010
       403,3.400442285E+000,1.992789458E-001,1.604747890E-009
       404,3.500459153E+000,1.992752982E-001,6.482670400E-009
       405,3.600433953E+000,1.993165608E-001,2.549193745E-008
       406,3.700365758E+000,1.994098198E-001,9.761136965E-008
       407,2.979507537E-001,2.699646570E+000,3.549088351E-037
       408,2.968600169E-001,2.599333105E+000,0.000000000E+000
       409,2.953960322E-001,2.499298667E+000,0.000000000E+000
       410,2.934737242E-001,2.400217570E+000,0.000000000E+000
       411,2.910611950E-001,2.302530436E+000,0.000000000E+000
       412,2.884597773E-001,2.206948533E+000,0.000000000E+000
       413,2.863530970E-001,2.114013061E+000,8.897877294E-017
       414,2.857670640E-001,2.024312647E+000,1.261872280E-013
       415,2.871243386E-001,1.937732913E+000,3.444334540E-010
       416,2.918748417E-001,1.854753668E+000,1.203989086E-007
       417,3.008688422E-001,1.775480331E+000,1.196990197E-004
       418,3.134836066E-001,1.700780352E+000,6.095186621E-002
       419,3.270287569E-001,1.632592199E+000,1.340295374E-001
       420,3.391260201E-001,1.574064210E+000,1.464261413E-001
       421,3.479658422E-001,1.531523284E+000,1.384560019E-001
       422,3.617348260E-001,1.466005782E+000,1.161829010E-001
       423,3.898576785E-001,1.517789152E+000,1.316800117E-001
       424,3.210895525E-001,1.410468387E+000,9.194649756E-002
       425,2.704922909E-001,1.346282069E+000,5.902460217E-002
       426,3.979633545E-001,2.699241739E+000,2.027823034E-034
       427,3.966680064E-001,2.598794777E+000,1.915933880E-034
       428,3.948224672E-001,2.498930934E+000,0.000000000E+000
       429,3.923318701E-001,2.400233005E+000,0.000000000E+000
       430,3.892601080E-001,2.303562673E+000,0.000000000E+000
       431,3.859809330E-001,2.209427725E+000,0.000000000E+000
       432,3.831476015E-001,2.118332094E+000,5.358654944E-016
       433,3.813248964E-001,2.030507551E+000,5.211705091E-013
       434,3.810954309E-001,1.946106260E+000,5.054291430E-010
       435,3.831262176E-001,1.864777872E+000,2.299696718E-007
       436,3.873750140E-001,1.786272602E+000,1.494006137E-004
       437,3.927703443E-001,1.710969410E+000,5.712534860E-002
       438,3.970979807E-001,1.640107666E+000,1.295818686E-001
       439,3.976089334E-001,1.575100621E+000,1.431401521E-001
       440,4.493197533E-001,1.499636728E+000,1.227975190E-001
       441,4.647419617E-001,1.567344184E+000,1.393602192E-001
       442,4.223072676E-001,1.435140428E+000,1.013531089E-001
       443,3.871803627E-001,1.369336740E+000,7.427472621E-002
       444,3.474214742E-001,1.297449045E+000,4.286722466E-002
       445,3.082031595E-001,1.213640141E+000,1.288208738E-002
       446,2.871810761E-001,1.118925672E+000,3.268473956E-004
       447,2.768206394E-001,1.027048905E+000,5.543594739E-007
       448,2.737590934E-001,9.367464923E-001,1.337093214E-009
       449,2.744436692E-001,8.457789070E-001,1.376838574E-011
       450,2.766607356E-001,7.535570428E-001,2.090615821E-013
       451,2.794612963E-001,6.604288295E-001,3.918730591E-015
       452,2.826227180E-001,5.667629821E-001,1.224576708E-016
       453,2.859902498E-001,4.727786275E-001,3.333990750E-018
       454,2.893683715E-001,3.785388669E-001,7.062367257E-020
       455,2.925078630E-001,2.840918062E-001,1.113012914E-021
       456,3.700415317E+000,2.700552786E+000,6.283780181E-007
       457,3.600476579E+000,2.700593218E+000,1.596061310E-007
       458,3.500488474E+000,2.700608294E+000,4.063383230E-008
       459,3.400465070E+000,2.700615968E+000,1.039949282E-008
       460,3.300437622E+000,2.700614635E+000,2.656506792E-009
       461,3.200422333E+000,2.700584284E+000,6.728443358E-010
       462,3.100408116E+000,2.700507705E+000,1.691394386E-010
       463,3.000378169E+000,2.700397403E+000,4.252889707E-011
       464,2.900328016E+000,2.700280835E+000,1.083857223E-011
       465,2.800264944E+000,2.700180967E+000,2.852510329E-012
       466,2.700199274E+000,2.700107674E+000,7.966786410E-013
       467,2.600137715E+000,2.700060250E+000,2.443499775E-013
       468,2.500080687E+000,2.700033583E+000,8.520430455E-014
       469,2.400021775E+000,2.700022847E+000,3.481147526E-014
       470,2.299947591E+000,2.700025071E+000,1.705398348E-014
       471,2.199837128E+000,2.700038930E+000,1.009528934E-014
       472,2.099661675E+000,2.700066484E+000,7.087914951E-015
       473,1.999388936E+000,2.700120553E+000,5.642163542E-015
       474,1.898996356E+000,2.700239379E+000,4.765909228E-015
       475,1.798496385E+000,2.700503060E+000,3.896008509E-015
       476,1.697968438E+000,2.701033020E+000,2.701052967E-015
       477,1.597583928E+000,2.701939893E+000,1.320312183E-015
       478,1.497586374E+000,2.703190366E+000,3.510807835E-016
       479,1.398144354E+000,2.704466346E+000,2.969005328E-017
       480,1.299159966E+000,2.705269023E+000,1.539558250E-019
       481,1.200286711E+000,2.705295141E+000,0.000000000E+000
       482,1.101132423E+000,2.704638591E+000,0.000000000E+000
       483,1.001445668E+000,2.703542123E+000,0.000000000E+000
       484,9.012237427E-001,2.702220874E+000,0.000000000E+000
       485,8.006269442E-001,2.700976130E+000,0.000000000E+000
       486,6.997999774E-001,2.699961925E+000,2.866822255E-033
       487,5.989356032E-001,2.699362399E+000,5.416832252E-033
       488,4.982645752E-001,2.699145901E+000,2.746324166E-033
       489,3.700415468E+000,2.992880899E-001,1.024066933E-006
       490,3.700385585E+000,3.993076003E-001,7.956585250E-006
       491,3.700322199E+000,4.994604667E-001,4.825435826E-005
       492,3.700261364E+000,5.997498123E-001,2.356847690E-004
       493,3.700238358E+000,7.002012787E-001,9.436690598E-004
       494,3.700312427E+000,8.008381655E-001,3.114147345E-003
       495,3.700598894E+000,9.016520292E-001,8.429777808E-003
       496,3.701274089E+000,1.002554849E+000,1.864833571E-002
       497,3.702517104E+000,1.103321633E+000,3.415608034E-002
       498,3.704327391E+000,1.203601578E+000,5.351980776E-002
       499,3.706318877E+000,1.303111245E+000,7.468289137E-002
       500,3.707829246E+000,1.401876097E+000,9.502813220E-002
       501,3.708344387E+000,1.500245406E+000,1.106995121E-001
       502,3.707784876E+000,1.598686607E+000,1.093928292E-001
       503,3.706460653E+000,1.697564242E+000,8.882424980E-002
       504,3.704839416E+000,1.797028803E+000,6.191620231E-002
       505,3.703318488E+000,1.897031855E+000,3.688495606E-002
       506,3.702116231E+000,1.997416145E+000,1.835948788E-002
       507,3.701285934E+000,2.098009809E+000,7.495583966E-003
       508,3.700783340E+000,2.198678746E+000,2.512568841E-003
       509,3.700533478E+000,2.299325106E+000,7.003856008E-004
       510,3.700447986E+000,2.399873809E+000,1.633604988E-004
       511,3.700439668E+000,2.500262037E+000,3.166318129E-005
       512,3.700432483E+000,2.600457303E+000,5.010033874E-006
       513,3.915787197E-001,2.851949016E-001,7.173593101E-022
       514,4.914199435E-001,2.862323686E-001,0.000000000E+000
       515,5.916253743E-001,2.873047153E-001,2.209061596E-017
       516,6.919222226E-001,2.886349581E-001,1.138998190E-016
       517,7.923114341E-001,2.902865242E-001,3.030399070E-016
       518,8.928724006E-001,2.921572564E-001,5.586894854E-016
       519,9.936377030E-001,2.940454974E-001,8.234143864E-016
       520,1.094570685E+000,2.957237441E-001,1.049305791E-015
       521,1.195569828E+000,2.970755729E-001,1.201299395E-015
       522,1.296531950E+000,2.980772816E-001,1.272013411E-015
       523,1.397383669E+000,2.987707665E-001,1.300611044E-015
       524,1.498089148E+000,2.992274794E-001,1.326095406E-015
       525,1.598643361E+000,2.995189139E-001,1.353270764E-015
       526,1.699060423E+000,2.997020979E-001,1.383889417E-015
       527,1.799363376E+000,2.998170369E-001,1.420778231E-015
       528,1.899577322E+000,2.998894763E-001,1.477975296E-015
       529,1.999725338E+000,2.999350582E-001,1.686337354E-015
       530,2.099826851E+000,2.999632528E-001,2.564416176E-015
       531,2.199898016E+000,2.999800257E-001,5.939831672E-015
       532,2.299953043E+000,2.999889143E-001,1.790414876E-014
       533,2.400005446E+000,2.999905391E-001,5.748986763E-014
       534,2.500068216E+000,2.999804743E-001,1.831902279E-013
       535,2.600151610E+000,2.999462772E-001,5.870370921E-013
       536,2.700257546E+000,2.998675224E-001,1.989340767E-012
       537,2.800372814E+000,2.997250623E-001,7.462741362E-012
       538,2.900467764E+000,2.995225984E-001,3.082501962E-011
       539,3.000513086E+000,2.993052277E-001,1.307282199E-010
       540,3.100511994E+000,2.991495939E-001,5.327751018E-010
       541,3.200499655E+000,2.990734741E-001,2.030351665E-009
       542,3.300504522E+000,2.990602438E-001,7.308323280E-009
       543,3.400515591E+000,2.990792930E-001,2.545787403E-008
       544,3.500508245E+000,2.991263851E-001,8.759657533E-008
       545,3.600463458E+000,2.992090402E-001,3.009181455E-007
       546,4.721126766E-001,1.638865488E+000,1.284331083E-001
       547,5.395605769E-001,1.554011448E+000,1.346831620E-001
       548,5.526039781E-001,1.631645242E+000,1.284773648E-001
       549,5.197386622E-001,1.479332980E+000,1.147792637E-001
       550,4.929680709E-001,1.407345018E+000,9.007541835E-002
       551,4.615623514E-001,1.335502731E+000,6.187988445E-002
       552,4.285711989E-001,1.261045058E+000,3.270092607E-002
       553,3.982866014E-001,1.182021673E+000,9.331050329E-003
       554,3.762138811E-001,1.099711657E+000,2.668290690E-004
       555,3.632779500E-001,1.017795876E+000,6.885197763E-007
       556,3.614107053E-001,9.343688969E-001,1.858832310E-009
       557,3.645882174E-001,8.470983668E-001,1.551582647E-011
       558,3.693459646E-001,7.564559599E-001,2.675787651E-013
       559,3.743481948E-001,6.636497735E-001,7.854561084E-015
       560,3.792017318E-001,5.696545519E-001,2.791187172E-016
       561,3.837936247E-001,4.750491151E-001,2.158306331E-018
       562,3.879999454E-001,3.801573134E-001,4.634426723E-020
       563,3.600443855E+000,3.992170555E-001,2.634586281E-006
       564,3.600383937E+000,4.994048493E-001,1.807420449E-005
       565,3.600329802E+000,5.998070159E-001,1.005747181E-004
       566,3.600328779E+000,7.004525266E-001,4.634573124E-004
       567,3.600464070E+000,8.013488723E-001,1.779856393E-003
       568,3.600879198E+000,9.024346202E-001,5.632348359E-003
       569,3.601782637E+000,1.003546964E+000,1.436390262E-002
       570,3.603364102E+000,1.104383079E+000,2.934573963E-002
       571,3.605570794E+000,1.204558048E+000,4.943531007E-002
       572,3.607914873E+000,1.303816878E+000,7.217571139E-002
       573,3.609651878E+000,1.402239616E+000,9.420731664E-002
       574,3.610229775E+000,1.500228342E+000,1.106664091E-001
       575,3.609569803E+000,1.598304294E+000,1.089276820E-001
       576,3.608017205E+000,1.696886002E+000,8.640306443E-002
       577,3.606096786E+000,1.796167262E+000,5.675072968E-002
       578,3.604264914E+000,1.896120537E+000,3.043693118E-002
       579,3.602784145E+000,1.996583070E+000,1.301047299E-002
       580,3.601731078E+000,2.097353749E+000,4.429696128E-003
       581,3.601078781E+000,2.198239494E+000,1.239878242E-003
       582,3.600737330E+000,2.299088742E+000,2.939313999E-004
       583,3.600593147E+000,2.399780757E+000,5.938477989E-005
       584,3.600542146E+000,2.500250532E+000,1.010831875E-005
       585,3.600506743E+000,2.600489484E+000,1.419565706E-006
       586,3.500534897E+000,2.600538816E+000,4.109232634E-007
       587,3.400533554E+000,2.600582977E+000,1.224527324E-007
       588,3.300535705E+000,2.600620613E+000,3.722282216E-008
       589,3.200548171E+000,2.600617815E+000,1.146876283E-008
       590,3.100552271E+000,2.600559104E+000,3.570672868E-009
       591,3.000528326E+000,2.600453100E+000,1.124291216E-009
       592,2.900471272E+000,2.600332603E+000,3.593194908E-010
       593,2.800390330E+000,2.600223900E+000,1.180755077E-010
       594,2.700298454E+000,2.600140165E+000,4.086794098E-011
       595,2.600203842E+000,2.600084543E+000,1.537317149E-011
       596,2.500106214E+000,2.600055832E+000,6.454728679E-012
       597,2.399996451E+000,2.600052550E+000,3.064221186E-012
       598,2.299857398E+000,2.600073215E+000,1.649887583E-012
       599,2.199663995E+000,2.600115406E+000,1.009395909E-012
       600,2.099384481E+000,2.600179319E+000,7.000225595E-013
       601,1.998988013E+000,2.600279439E+000,5.389926786E-013
       602,1.898463597E+000,2.600463449E+000,4.375720164E-013
       603,1.797849693E+000,2.600829368E+000,3.431652748E-013
       604,1.697263946E+000,2.601517391E+000,2.291826126E-013
       605,1.596913986E+000,2.602636000E+000,1.101827505E-013
       606,1.497041903E+000,2.604105675E+000,3.032254962E-014
       607,1.397761902E+000,2.605540065E+000,3.078132130E-015
       608,1.298908972E+000,2.606417617E+000,9.769175088E-018
       609,1.200038888E+000,2.606471185E+000,0.000000000E+000
       610,1.100722008E+000,2.605683678E+000,0.000000000E+000
       611,1.000783160E+000,2.604238128E+000,0.000000000E+000
       612,9.003017814E-001,2.602631434E+000,0.000000000E+000
       613,7.994717166E-001,2.601053837E+000,0.000000000E+000
       614,6.984415201E-001,2.599888968E+000,0.000000000E+000
       615,5.974892103E-001,2.599130473E+000,2.318860053E-033
       616,4.968448438E-001,2.598833272E+000,2.507868708E-033
       617,4.873594380E-001,3.818559458E-001,6.161317245E-018
       618,5.873412594E-001,3.837337068E-001,2.613964851E-015
       619,6.877003496E-001,3.858429683E-001,9.751509157E-015
       620,7.883545030E-001,3.881039230E-001,1.818279380E-014
       621,8.893104283E-001,3.904672470E-001,2.529863289E-014
       622,9.905527103E-001,3.926624725E-001,3.108164022E-014
       623,1.091996929E+000,3.945907660E-001,3.556449433E-014
       624,1.193487100E+000,3.961682561E-001,3.879475951E-014
       625,1.294885667E+000,3.973682199E-001,4.077971345E-014
       626,1.396106063E+000,3.982283732E-001,4.240509853E-014
       627,1.497112773E+000,3.988199309E-001,4.480531885E-014
       628,1.597907450E+000,3.992177760E-001,4.840189190E-014
       629,1.698513170E+000,3.994839223E-001,5.367273398E-014
       630,1.798962351E+000,3.996630625E-001,6.205681178E-014
       631,1.899288853E+000,3.997844786E-001,8.426355588E-014
       632,1.999523441E+000,3.998664109E-001,1.575126341E-013
       633,2.099692547E+000,3.999204764E-001,3.753772466E-013
       634,2.199819246E+000,3.999544480E-001,9.648423553E-013
       635,2.299924722E+000,3.999729627E-001,2.470056278E-012
       636,2.400028832E+000,3.999761594E-001,6.185049868E-012
       637,2.500148414E+000,3.999565133E-001,1.537070124E-011
       638,2.600292213E+000,3.998959761E-001,3.952421376E-011
       639,2.700453100E+000,3.997689322E-001,1.104205269E-010
       640,2.800600951E+000,3.995601602E-001,3.405514759E-010
       641,2.900690382E+000,3.992976798E-001,1.113530823E-009
       642,3.000695776E+000,3.990761911E-001,3.650685532E-009
       643,3.100640766E+000,3.989573357E-001,1.153729023E-008
       644,3.200579577E+000,3.989550377E-001,3.488585065E-008
       645,3.300539840E+000,3.990142588E-001,1.023359673E-007
       646,3.400513146E+000,3.990917580E-001,2.979704163E-007
       647,3.500476470E+000,3.991715169E-001,8.790242987E-007
       648,4.948028977E-001,2.499048866E+000,0.000000000E+000
       649,4.919167105E-001,2.400908831E+000,0.000000000E+000
       650,4.883427382E-001,2.305126064E+000,0.000000000E+000
       651,4.844588315E-001,2.212211763E+000,0.000000000E+000
       652,4.808359199E-001,2.122476153E+000,3.351947389E-015
       653,4.779317122E-001,2.035919122E+000,3.013197547E-012
       654,4.760390607E-001,1.952219605E+000,2.766292084E-009
       655,4.753227902E-001,1.870699889E+000,2.580496357E-006
       656,4.753622213E-001,1.791026703E+000,2.691342961E-003
       657,4.749707138E-001,1.713340240E+000,5.932126567E-002
       658,5.603800603E-001,1.710453598E+000,6.710103899E-002
       659,6.369669128E-001,1.619575243E+000,1.284318566E-001
       660,6.488820107E-001,1.703163104E+000,7.728499919E-002
       661,6.199844122E-001,1.537592458E+000,1.296087950E-001
       662,5.976137048E-001,1.458436107E+000,1.073891297E-001
       663,5.706621824E-001,1.381604337E+000,8.079595119E-002
       664,5.411265051E-001,1.306054719E+000,5.233754218E-002
       665,5.111839277E-001,1.230286722E+000,2.554187179E-002
       666,4.828119904E-001,1.154038719E+000,6.679689046E-003
       667,4.581830054E-001,1.079351737E+000,1.848243846E-004
       668,4.403502601E-001,1.008946706E+000,7.970028264E-007
       669,4.449216954E-001,9.345308792E-001,3.074855259E-009
       670,4.538557695E-001,8.507884445E-001,1.704820174E-010
       671,4.626310304E-001,7.609599868E-001,1.494635665E-011
       672,4.703002289E-001,6.678186220E-001,8.511757380E-013
       673,4.768985465E-001,5.730677084E-001,3.118724151E-014
       674,4.825654913E-001,4.775900603E-001,8.091690922E-016
       675,3.500429365E+000,4.993855967E-001,6.934534213E-006
       676,3.500391778E+000,5.998835588E-001,4.452647772E-005
       677,3.500425144E+000,7.007126379E-001,2.377646742E-004
       678,3.500628679E+000,8.018427337E-001,1.062753377E-003
       679,3.501175164E+000,9.031613092E-001,3.915725276E-003
       680,3.502290759E+000,1.004427745E+000,1.144917309E-002
       681,3.504153646E+000,1.105284356E+000,2.588738315E-002
       682,3.506651156E+000,1.205341934E+000,4.645884410E-002
       683,3.509230141E+000,1.304382151E+000,7.038493454E-002
       684,3.511113608E+000,1.402524239E+000,9.366037697E-002
       685,3.511737999E+000,1.500201668E+000,1.106615514E-001
       686,3.511022393E+000,1.597972439E+000,1.085935757E-001
       687,3.509324960E+000,1.696299365E+000,8.459807932E-002
       688,3.507197697E+000,1.795417657E+000,5.288724974E-002
       689,3.505126033E+000,1.895326811E+000,2.582025342E-002
       690,3.503398870E+000,1.995870231E+000,9.560837410E-003
       691,3.502144645E+000,2.096801890E+000,2.739038086E-003
       692,3.501350083E+000,2.197885791E+000,6.465252372E-004
       693,3.500911773E+000,2.298901950E+000,1.307354250E-004
       694,3.500698056E+000,2.399704450E+000,2.273210885E-005
       695,3.500591512E+000,2.500229411E+000,3.353126203E-006
       696,3.400609629E+000,2.500279487E+000,1.165244953E-006
       697,3.300633256E+000,2.500337762E+000,4.224760914E-007
       698,3.200663253E+000,2.500377232E+000,1.584108986E-007
       699,3.100679553E+000,2.500364913E+000,6.111493889E-008
       700,3.000658564E+000,2.500315230E+000,2.410267896E-008
       701,2.900595207E+000,2.500246114E+000,9.684737456E-009
       702,2.800497277E+000,2.500179037E+000,3.983409158E-009
       703,2.700376876E+000,2.500125025E+000,1.707877839E-009
       704,2.600240847E+000,2.500091436E+000,7.830650017E-010
       705,2.500087010E+000,2.500086203E+000,3.919568836E-010
       706,2.399905370E+000,2.500116708E+000,2.152208828E-010
       707,2.299679663E+000,2.500185259E+000,1.287800838E-010
       708,2.199386618E+000,2.500287279E+000,8.355987430E-011
       709,2.098997276E+000,2.500418803E+000,5.877683756E-011
       710,1.998487772E+000,2.500593917E+000,4.441785481E-011
       711,1.897862769E+000,2.500867092E+000,3.477500232E-011
       712,1.797185605E+000,2.501347512E+000,2.621430850E-011
       713,1.696599255E+000,2.502178367E+000,1.707375040E-011
       714,1.596310975E+000,2.503445439E+000,8.357444077E-012
       715,1.496511470E+000,2.505023575E+000,2.560141986E-012
       716,1.397221101E+000,2.506507039E+000,3.550972992E-013
       717,1.298126206E+000,2.507432661E+000,3.933369438E-015
       718,1.198832633E+000,2.507510879E+000,3.071943125E-016
       719,1.099043432E+000,2.506640012E+000,5.485004532E-017
       720,9.987042814E-001,2.505233148E+000,2.756980988E-018
       721,8.979979220E-001,2.503541405E+000,0.000000000E+000
       722,7.970279041E-001,2.502029223E+000,0.000000000E+000
       723,6.959916854E-001,2.500813962E+000,0.000000000E+000
       724,5.951535193E-001,2.499932014E+000,0.000000000E+000
       725,5.821007845E-001,4.804984242E-001,1.909353480E-013
       726,6.823766207E-001,4.835196073E-001,5.462768909E-013
       727,7.832830625E-001,4.864939752E-001,7.843083279E-013
       728,8.847181273E-001,4.890803415E-001,8.911694624E-013
       729,9.865858259E-001,4.913835304E-001,9.535231762E-013
       730,1.088692515E+000,4.934059466E-001,1.027388569E-012
       731,1.190810860E+000,4.951187272E-001,1.236895785E-012
       732,1.292766608E+000,4.964857628E-001,1.705443837E-012
       733,1.394454749E+000,4.975129374E-001,2.448478920E-012
       734,1.495839571E+000,4.982557056E-001,3.594816285E-012
       735,1.596933604E+000,4.987834422E-001,5.307288463E-012
       736,1.697774282E+000,4.991576291E-001,7.674862482E-012
       737,1.798407745E+000,4.994245854E-001,1.204033054E-011
       738,1.898879412E+000,4.996158142E-001,2.146375785E-011
       739,1.999229664E+000,4.997517617E-001,4.060699693E-011
       740,2.099493443E+000,4.998460121E-001,7.761854354E-011
       741,2.199701539E+000,4.999078730E-001,1.474634720E-010
       742,2.299881683E+000,4.999427962E-001,2.780635722E-010
       743,2.400057741E+000,4.999503894E-001,5.248886326E-010
       744,2.500245790E+000,4.999209513E-001,1.018634843E-009
       745,2.600447575E+000,4.998341950E-001,2.130114751E-009
       746,2.700642640E+000,4.996686296E-001,4.923937702E-009
       747,2.800789031E+000,4.994365400E-001,1.221326862E-008
       748,2.900845281E+000,4.992175512E-001,3.106806190E-008
       749,3.000805378E+000,4.990824291E-001,7.825858717E-008
       750,3.100712159E+000,4.990825043E-001,1.926991473E-007
       751,3.200616247E+000,4.991742571E-001,4.653965675E-007
       752,3.300541771E+000,4.992926825E-001,1.119323542E-006
       753,3.400480222E+000,4.993837371E-001,2.744806807E-006
       754,5.920437914E-001,2.402158251E+000,0.000000000E+000
       755,5.880875699E-001,2.307030912E+000,0.000000000E+000
       756,5.836352786E-001,2.214977188E+000,1.187122234E-016
       757,5.792364601E-001,2.125956288E+000,3.941158245E-014
       758,5.752280663E-001,2.039664998E+000,2.517250818E-011
       759,5.717299885E-001,1.955342293E+000,1.697083007E-008
       760,5.686036130E-001,1.872514123E+000,1.144981161E-005
       761,5.652159254E-001,1.790571022E+000,9.569205344E-003
       762,6.567486923E-001,1.786687056E+000,1.911088265E-002
       763,7.389367907E-001,1.691782632E+000,8.674025536E-002
       764,7.497080361E-001,1.779343738E+000,2.991211042E-002
       765,7.240660571E-001,1.604907474E+000,1.277517676E-001
       766,7.044695678E-001,1.519917308E+000,1.244836077E-001
       767,6.804592095E-001,1.437487702E+000,1.005779281E-001
       768,6.534224204E-001,1.357523416E+000,7.287929207E-002
       769,6.250620927E-001,1.279171790E+000,4.459596053E-002
       770,5.963488369E-001,1.201239925E+000,2.007322945E-002
       771,5.668911169E-001,1.124100832E+000,4.870739300E-003
       772,5.348940952E-001,1.052713169E+000,1.169822281E-004
       773,4.993076819E-001,1.002383466E+000,8.501572211E-007
       774,5.257497694E-001,9.431393563E-001,2.671924619E-007
       775,5.447173003E-001,8.594994798E-001,6.727913870E-008
       776,5.579341436E-001,7.676077030E-001,7.562033666E-009
       777,5.678244576E-001,6.729343771E-001,3.426026129E-010
       778,5.756682011E-001,5.770016568E-001,8.991693674E-012
       779,3.400467202E+000,5.999479345E-001,2.061299347E-005
       780,3.400534518E+000,7.009095026E-001,1.286246552E-004
       781,3.400805774E+000,8.022327977E-001,6.700003287E-004
       782,3.401472432E+000,9.037390099E-001,2.857762622E-003
       783,3.402781742E+000,1.005138189E+000,9.484824724E-003
       784,3.404883966E+000,1.106022521E+000,2.345023490E-002
       785,3.407615537E+000,1.205998455E+000,4.434430227E-002
       786,3.410379473E+000,1.304865197E+000,6.913660467E-002
       787,3.412382381E+000,1.402763596E+000,9.330017120E-002
       788,3.413053131E+000,1.500161160E+000,1.106680259E-001
       789,3.412306418E+000,1.597663302E+000,1.083600894E-001
       790,3.410505089E+000,1.695778908E+000,8.329355717E-002
       791,3.408203765E+000,1.794778996E+000,5.009150133E-002
       792,3.405893121E+000,1.894688725E+000,2.260966785E-002
       793,3.403939189E+000,1.995322746E+000,7.373349741E-003
       794,3.402506340E+000,2.096415608E+000,1.805045526E-003
       795,3.401584832E+000,2.197657048E+000,3.626072430E-004
       796,3.401055747E+000,2.298792615E+000,6.244426186E-005
       797,3.400772500E+000,2.399661857E+000,9.250474250E-006
       798,3.300801822E+000,2.399702738E+000,3.985212061E-006
       799,3.200831211E+000,2.399756582E+000,1.806753630E-006
       800,3.100836498E+000,2.399813502E+000,8.550559301E-007
       801,3.000799137E+000,2.399860893E+000,4.183324620E-007
       802,2.900709629E+000,2.399910157E+000,2.094625842E-007
       803,2.800577208E+000,2.399955136E+000,1.071724043E-007
       804,2.700410221E+000,2.399998818E+000,5.652964319E-008
       805,2.600211704E+000,2.400048691E+000,3.128196724E-008
       806,2.499977746E+000,2.400122402E+000,1.841524622E-008
       807,2.399700914E+000,2.400239340E+000,1.155112450E-008
       808,2.299370970E+000,2.400407058E+000,7.661127732E-009
       809,2.198971136E+000,2.400618214E+000,5.341154630E-009
       810,2.098478809E+000,2.400863814E+000,3.908227075E-009
       811,1.997879222E+000,2.401156978E+000,2.979894997E-009
       812,1.897190470E+000,2.401556249E+000,2.303411684E-009
       813,1.796487728E+000,2.402173232E+000,1.706967345E-009
       814,1.695901406E+000,2.403137525E+000,1.120542770E-009
       815,1.595585490E+000,2.404495090E+000,5.921695911E-010
       816,1.495617162E+000,2.406085849E+000,2.246402370E-010
       817,1.395854907E+000,2.407535420E+000,5.048218094E-011
       818,1.296065554E+000,2.408532103E+000,3.789467871E-012
       819,1.196013066E+000,2.408770507E+000,2.951242495E-013
       820,1.095611004E+000,2.408258493E+000,5.407474937E-014
       821,9.949599807E-001,2.407231130E+000,6.571730109E-015
       822,8.941264795E-001,2.406054355E+000,3.005700913E-016
       823,7.932383729E-001,2.404916431E+000,5.885863206E-018
       824,6.924434958E-001,2.403807585E+000,0.000000000E+000
       825,6.756757024E-001,5.812065495E-001,2.197098926E-011
       826,7.768701914E-001,5.846208889E-001,2.617206452E-011
       827,8.789082934E-001,5.872736859E-001,2.676804611E-011
       828,9.814973399E-001,5.895179397E-001,2.734339317E-011
       829,1.084353562E+000,5.915944441E-001,3.262476747E-011
       830,1.187236285E+000,5.935180537E-001,1.031659827E-010
       831,1.289908631E+000,5.951631206E-001,3.712238295E-010
       832,1.392217357E+000,5.964619440E-001,8.898047299E-010
       833,1.494110771E+000,5.974403025E-001,1.579859354E-009
       834,1.595608570E+000,5.981617022E-001,2.374872077E-009
       835,1.696765196E+000,5.986908766E-001,3.298953333E-009
       836,1.797645264E+000,5.990802095E-001,4.456811364E-009
       837,1.898310789E+000,5.993674126E-001,6.019492016E-009
       838,1.998816375E+000,5.995781110E-001,8.225057968E-009
       839,2.099208779E+000,5.997293419E-001,1.140085981E-008
       840,2.199527769E+000,5.998321470E-001,1.602406030E-008
       841,2.299806268E+000,5.998923346E-001,2.288239287E-008
       842,2.400067922E+000,5.999089163E-001,3.362199408E-008
       843,2.500322345E+000,5.998728220E-001,5.273595249E-008
       844,2.600559897E+000,5.997717698E-001,9.162988590E-008
       845,2.700754063E+000,5.996291034E-001,1.728766108E-007
       846,2.800872681E+000,5.995154709E-001,3.388113896E-007
       847,2.900897726E+000,5.994689199E-001,6.675432473E-007
       848,3.000846470E+000,5.995356062E-001,1.307484240E-006
       849,3.100752881E+000,5.996825017E-001,2.548395059E-006
       850,3.200653766E+000,5.998549175E-001,4.981328402E-006
       851,3.300561076E+000,5.999798403E-001,9.954710549E-006
       852,6.626087982E-001,1.870607421E+000,7.807029760E-004
       853,7.573250056E-001,1.865946140E+000,3.579418873E-003
       854,8.431920659E-001,1.768592592E+000,4.069718719E-002
       855,8.527694534E-001,1.858690981E+000,8.321819827E-003
       856,8.303537571E-001,1.678406001E+000,9.404657036E-002
       857,8.133360819E-001,1.589038395E+000,1.264630705E-001
       858,7.919269313E-001,1.502011777E+000,1.195357442E-001
       859,7.670307856E-001,1.417376918E+000,9.444325417E-002
       860,7.402707660E-001,1.335412233E+000,6.620857120E-002
       861,7.133331719E-001,1.254730328E+000,3.854605556E-002
       862,6.867401335E-001,1.173066833E+000,1.620556414E-002
       863,6.588886365E-001,1.086924055E+000,3.747852752E-003
       864,6.214421636E-001,9.865507840E-001,6.269492587E-005
       865,6.444440195E-001,8.746585305E-001,1.726447749E-007
       866,6.577197144E-001,7.752320174E-001,1.569098806E-008
       867,6.676033327E-001,6.780958368E-001,7.047188388E-010
       868,6.881441742E-001,2.308954454E+000,4.893936339E-017
       869,6.830811214E-001,2.217138442E+000,8.616994074E-015
       870,6.778304623E-001,2.128126324E+000,4.499795935E-012
       871,6.727057237E-001,2.041069000E+000,1.519659176E-009
       872,6.677142549E-001,1.955156291E+000,7.942157367E-007
       873,3.300659608E+000,7.010183498E-001,7.325167826E-005
       874,3.300978412E+000,8.024634263E-001,4.458358162E-004
       875,3.301747813E+000,9.041335527E-001,2.189808059E-003
       876,3.303218717E+000,1.005668358E+000,8.155944757E-003
       877,3.305541729E+000,1.106629174E+000,2.175506949E-002
       878,3.308504117E+000,1.206575702E+000,4.287661240E-002
       879,3.311473415E+000,1.305294059E+000,6.828645617E-002
       880,3.313621545E+000,1.402950670E+000,9.306347370E-002
       881,3.314352230E+000,1.500075352E+000,1.106758192E-001
       882,3.313573349E+000,1.597336973E+000,1.082063094E-001
       883,3.311636315E+000,1.695297845E+000,8.238268644E-002
       884,3.309087284E+000,1.794255293E+000,4.811507836E-002
       885,3.306524837E+000,1.894214002E+000,2.040090226E-002
       886,3.304365110E+000,1.994977041E+000,5.971559789E-003
       887,3.302789626E+000,2.096205244E+000,1.269100001E-003
       888,3.301769029E+000,2.197550477E+000,2.182963071E-004
       889,3.301167835E+000,2.298737142E+000,3.189374547E-005
       890,3.201178432E+000,2.298764407E+000,1.727593917E-005
       891,3.101148166E+000,2.298857213E+000,9.857693840E-006
       892,3.001051741E+000,2.299018947E+000,5.868847893E-006
       893,2.900892853E+000,2.299219898E+000,3.596830311E-006
       894,2.800675270E+000,2.299446622E+000,2.248681994E-006
       895,2.700411426E+000,2.299671983E+000,1.434701176E-006
       896,2.600101600E+000,2.299898834E+000,9.396174505E-007
       897,2.499744635E+000,2.300146887E+000,6.366817615E-007
       898,2.399341688E+000,2.300440442E+000,4.471341981E-007
       899,2.298892044E+000,2.300787791E+000,3.244136622E-007
       900,2.198385417E+000,2.301177271E+000,2.428795653E-007
       901,2.097803433E+000,2.301596652E+000,1.875007598E-007
       902,1.997135605E+000,2.302061106E+000,1.480146636E-007
       903,1.896399749E+000,2.302633728E+000,1.166147783E-007
       904,1.795643253E+000,2.303421741E+000,8.858901168E-008
       905,1.694928728E+000,2.304510471E+000,6.233970140E-008
       906,1.594303166E+000,2.305896988E+000,3.899312873E-008
       907,1.493711123E+000,2.307402114E+000,2.072667371E-008
       908,1.393040730E+000,2.308852656E+000,8.566726883E-009
       909,1.292204937E+000,2.310050009E+000,2.288369716E-009
       910,1.191248142E+000,2.310775452E+000,3.006621063E-010
       911,1.090318126E+000,2.311075222E+000,6.001545788E-011
       912,9.894757006E-001,2.311092542E+000,7.376279275E-012
       913,8.887742720E-001,2.310943868E+000,2.159743874E-013
       914,7.882481099E-001,2.310507545E+000,3.568769188E-015
       915,7.694020267E-001,6.818114947E-001,7.182081041E-010
       916,8.722025622E-001,6.841884914E-001,7.306530381E-010
       917,9.754625443E-001,6.861997090E-001,7.437687688E-010
       918,1.079006596E+000,6.884111419E-001,1.882572764E-009
       919,1.182666272E+000,6.907924976E-001,1.580088416E-008
       920,1.286140153E+000,6.929960559E-001,6.245790019E-008
       921,1.389203210E+000,6.948253847E-001,1.453203993E-007
       922,1.491754849E+000,6.962362168E-001,2.469839160E-007
       923,1.593796666E+000,6.972839184E-001,3.491676068E-007
       924,1.695387215E+000,6.980512329E-001,4.441733665E-007
       925,1.796606646E+000,6.986135110E-001,5.341640303E-007
       926,1.897536545E+000,6.990284067E-001,6.265986485E-007
       927,1.998251006E+000,6.993359511E-001,7.300860716E-007
       928,2.098813407E+000,6.995614575E-001,8.523987276E-007
       929,2.199274833E+000,6.997189583E-001,1.001804435E-006
       930,2.299671717E+000,6.998137119E-001,1.195270556E-006
       931,2.400022337E+000,6.998452437E-001,1.484555696E-006
       932,2.500325671E+000,6.998168916E-001,1.994998684E-006
       933,2.600571094E+000,6.997866460E-001,2.910601779E-006
       934,2.700751679E+000,6.998570453E-001,4.459371212E-006
       935,2.800860697E+000,7.000215533E-001,6.943545486E-006
       936,2.900912658E+000,7.002793797E-001,1.084550149E-005
       937,3.000909224E+000,7.005662431E-001,1.701088877E-005
       938,3.100864539E+000,7.008379500E-001,2.693259376E-005
       939,3.200786186E+000,7.010293287E-001,4.362323671E-005
       940,7.826100235E-001,2.218356400E+000,2.006391797E-012
       941,7.764948166E-001,2.128500052E+000,4.782983454E-010
       942,7.702663821E-001,2.040112436E+000,3.055612865E-007
       943,7.639044373E-001,1.952479955E+000,8.971441275E-005
       944,8.606073947E-001,1.947560608E+000,5.595411640E-004
       945,9.493398842E-001,1.849186258E+000,1.392641757E-002
       946,9.583801970E-001,1.941011676E+000,1.595587120E-003
       947,9.382276554E-001,1.756722619E+000,5.032157153E-002
       948,9.236436965E-001,1.664280644E+000,9.938397259E-002
       949,9.047517022E-001,1.573291461E+000,1.247486547E-001
       950,8.819375334E-001,1.484520240E+000,1.148232892E-001
       951,8.564668877E-001,1.398750547E+000,8.892349899E-002
       952,8.298905744E-001,1.315717558E+000,6.057604402E-002
       953,8.044366457E-001,1.234346923E+000,3.402973711E-002
       954,7.824780058E-001,1.152037078E+000,1.375550125E-002
       955,7.640532225E-001,1.065842194E+000,3.033800749E-003
       956,7.512281937E-001,9.728127613E-001,7.594084309E-005
       957,7.545212296E-001,8.750957828E-001,2.283901352E-007
       958,7.617290688E-001,7.781498906E-001,1.565823027E-008
       959,3.201131743E+000,8.025464370E-001,3.113389248E-004
       960,3.201952480E+000,9.043326203E-001,1.753173536E-003
       961,3.203552882E+000,1.006030045E+000,7.244260982E-003
       962,3.206073979E+000,1.107099206E+000,2.057887428E-002
       963,3.209311027E+000,1.207046485E+000,4.186762869E-002
       964,3.212555993E+000,1.305627125E+000,6.770602614E-002
       965,3.214899682E+000,1.403046295E+000,9.289903194E-002
       966,3.215672114E+000,1.499914873E+000,1.106786951E-001
       967,3.214796927E+000,1.596987992E+000,1.081113964E-001
       968,3.212588843E+000,1.694869620E+000,8.176000416E-002
       969,3.209742136E+000,1.793854262E+000,4.672756791E-002
       970,3.206933207E+000,1.893932795E+000,1.886788569E-002
       971,3.204618225E+000,1.994829092E+000,5.044465885E-003
       972,3.202949772E+000,2.096152316E+000,9.436762193E-004
       973,3.201873111E+000,2.197523329E+000,1.396889711E-004
       974,3.101788552E+000,2.197590973E+000,9.405741730E-005
       975,3.001601866E+000,2.197800384E+000,6.617182225E-005
       976,2.901305146E+000,2.198144049E+000,4.816643923E-005
       977,2.800925485E+000,2.198568381E+000,3.569676846E-005
       978,2.700473159E+000,2.199054440E+000,2.665749344E-005
       979,2.599958885E+000,2.199578396E+000,2.004059024E-005
       980,2.499398084E+000,2.200134437E+000,1.522047842E-005
       981,2.398814612E+000,2.200736535E+000,1.171164695E-005
       982,2.298220109E+000,2.201376556E+000,9.167617463E-006
       983,2.197603748E+000,2.202031440E+000,7.333515441E-006
       984,2.096938951E+000,2.202690762E+000,5.999829227E-006
       985,1.996201420E+000,2.203382839E+000,4.972727766E-006
       986,1.895372367E+000,2.204184192E+000,4.116781383E-006
       987,1.794393457E+000,2.205145911E+000,3.359026550E-006
       988,1.693274251E+000,2.206319194E+000,2.686446123E-006
       989,1.591963871E+000,2.207641682E+000,2.080307240E-006
       990,1.490389961E+000,2.209095609E+000,1.518886734E-006
       991,1.388507594E+000,2.210640627E+000,1.005808940E-006
       992,1.286508969E+000,2.212255818E+000,5.533881904E-007
       993,1.184711591E+000,2.213874011E+000,2.312174132E-007
       994,1.083430817E+000,2.215494517E+000,6.490201088E-008
       995,9.826610491E-001,2.217011049E+000,8.146322727E-009
       996,8.823378077E-001,2.218282819E+000,1.441775588E-010
       997,8.656799428E-001,7.794819429E-001,1.586118969E-008
       998,9.694190948E-001,7.808410745E-001,1.625592816E-008
       999,1.073264101E+000,7.831598801E-001,1.701984047E-007
      1000,1.177348276E+000,7.863163333E-001,1.249217576E-006
      1001,1.281460601E+000,7.895430135E-001,4.007371444E-006
      1002,1.385284939E+000,7.923267637E-001,8.107409485E-006
      1003,1.488607872E+000,7.944933913E-001,1.255579446E-005
      1004,1.591346359E+000,7.960796929E-001,1.653989966E-005
      1005,1.693519975E+000,7.972101970E-001,1.977729698E-005
      1006,1.795204355E+000,7.980134083E-001,2.240084177E-005
      1007,1.896495700E+000,7.985918663E-001,2.467954982E-005
      1008,1.997490412E+000,7.990171366E-001,2.685087748E-005
      1009,2.098273377E+000,7.993322687E-001,2.906708869E-005
      1010,2.198909360E+000,7.995568294E-001,3.149455006E-005
      1011,2.299436363E+000,7.996967959E-001,3.461155575E-005
      1012,2.399869161E+000,7.997701252E-001,3.950282189E-005
      1013,2.500212543E+000,7.998702881E-001,4.756926137E-005
      1014,2.600493987E+000,8.001541505E-001,5.982821313E-005
      1015,2.700719517E+000,8.006109715E-001,7.683895819E-005
      1016,2.800927250E+000,8.011727639E-001,9.934056288E-005
      1017,2.901098699E+000,8.017148137E-001,1.290978835E-004
      1018,3.001212920E+000,8.021687573E-001,1.694556122E-004
      1019,3.101242390E+000,8.024742001E-001,2.263514325E-004
      1020,8.754376963E-001,2.127023971E+000,1.463575217E-007
      1021,8.681740183E-001,2.036791321E+000,1.380830690E-005
      1022,9.670010584E-001,2.032246139E+000,7.418888708E-005
      1023,1.058037452E+000,1.933709872E+000,3.085228149E-003
      1024,1.067036556E+000,2.027277695E+000,2.047031303E-004
      1025,1.048047322E+000,1.839532219E+000,1.962691918E-002
      1026,1.035618628E+000,1.744846537E+000,5.845904350E-002
      1027,1.019304182E+000,1.650342926E+000,1.032071188E-001
      1028,9.984508457E-001,1.557472975E+000,1.226713434E-001
      1029,9.739632751E-001,1.467836039E+000,1.101774201E-001
      1030,9.478480145E-001,1.381066337E+000,8.364518732E-002
      1031,9.204702477E-001,1.297262664E+000,5.523392558E-002
      1032,8.946606375E-001,1.217259169E+000,3.035891056E-002
      1033,8.772077732E-001,1.137163347E+000,1.218188182E-002
      1034,8.656694089E-001,1.053669896E+000,2.582763089E-003
      1035,8.599641374E-001,9.654446354E-001,7.123855903E-005
      1036,8.611446186E-001,8.732854998E-001,2.841273385E-007
      1037,3.102068515E+000,9.043448306E-001,1.455190941E-003
      1038,3.103721057E+000,1.006163985E+000,6.598011591E-003
      1039,3.106435496E+000,1.107351781E+000,1.974085346E-002
      1040,3.109960003E+000,1.207325275E+000,4.114962742E-002
      1041,3.113495017E+000,1.305791687E+000,6.728413701E-002
      1042,3.115939996E+000,1.403013602E+000,9.277024865E-002
      1043,3.116697679E+000,1.499699185E+000,1.106768548E-001
      1044,3.115604626E+000,1.596670636E+000,1.080528870E-001
      1045,3.113095652E+000,1.694552605E+000,8.132398129E-002
      1046,3.109979662E+000,1.793650074E+000,4.572575912E-002
      1047,3.107012474E+000,1.893872268E+000,1.776439697E-002
      1048,3.104626529E+000,1.994878746E+000,4.401079379E-003
      1049,3.102942889E+000,2.096225538E+000,7.338015130E-004
      1050,3.002654502E+000,2.096388231E+000,5.905274302E-004
      1051,2.902187763E+000,2.096765795E+000,4.888889962E-004
      1052,2.801560558E+000,2.097369199E+000,4.112758033E-004
      1053,2.700794000E+000,2.098166038E+000,3.453839745E-004
      1054,2.599923668E+000,2.099088910E+000,2.878498344E-004
      1055,2.499025885E+000,2.100105233E+000,2.384667896E-004
      1056,2.398168531E+000,2.101168233E+000,1.975095365E-004
      1057,2.297378207E+000,2.102226890E+000,1.649441401E-004
      1058,2.196628909E+000,2.103236616E+000,1.400236360E-004
      1059,2.095860379E+000,2.104197540E+000,1.208943286E-004
      1060,1.994998398E+000,2.105171503E+000,1.055022294E-004
      1061,1.893869286E+000,2.106183928E+000,9.250712901E-005
      1062,1.792422072E+000,2.107280583E+000,8.196317503E-005
      1063,1.690595688E+000,2.108393086E+000,7.340122102E-005
      1064,1.588350793E+000,2.109647903E+000,6.522101467E-005
      1065,1.485593793E+000,2.111075389E+000,5.592032539E-005
      1066,1.382493254E+000,2.112880388E+000,4.372893454E-005
      1067,1.279482289E+000,2.115216295E+000,2.884994501E-005
      1068,1.177036693E+000,2.118005104E+000,1.522053208E-005
      1069,1.075630484E+000,2.121172561E+000,6.095389381E-006
      1070,9.751401688E-001,2.124337463E+000,1.531022917E-006
      1071,9.647845788E-001,8.730428567E-001,3.487722324E-007
      1072,1.067900205E+000,8.752250218E-001,1.019351566E-005
      1073,1.171495140E+000,8.796516814E-001,4.678664118E-005
      1074,1.275806808E+000,8.845189075E-001,1.121540554E-004
      1075,1.380303010E+000,8.888095123E-001,1.910330320E-004
      1076,1.484487356E+000,8.921390379E-001,2.660276950E-004
      1077,1.588082847E+000,8.945290827E-001,3.266379645E-004
      1078,1.691015463E+000,8.961672917E-001,3.716663632E-004
      1079,1.793319819E+000,8.972846317E-001,4.047743860E-004
      1080,1.895094039E+000,8.980621494E-001,4.304950999E-004
      1081,1.996456218E+000,8.986236779E-001,4.522712552E-004
      1082,2.097515970E+000,8.990407887E-001,4.725334002E-004
      1083,2.198354924E+000,8.993456496E-001,4.944798420E-004
      1084,2.299028351E+000,8.995740262E-001,5.238229060E-004
      1085,2.399574736E+000,8.998379182E-001,5.681595067E-004
      1086,2.500063879E+000,9.003169920E-001,6.323843845E-004
      1087,2.600512436E+000,9.010695690E-001,7.159083616E-004
      1088,2.700976455E+000,9.019776308E-001,8.157184930E-004
      1089,2.801437092E+000,9.028667930E-001,9.317671647E-004
      1090,2.901835701E+000,9.035969073E-001,1.070388360E-003
      1091,3.002087737E+000,9.041018570E-001,1.239375561E-003
      1092,1.168747171E+000,2.022560427E+000,4.013808502E-004
      1093,1.159696588E+000,1.926919536E+000,4.837992601E-003
      1094,1.149183788E+000,1.830562541E+000,2.499857545E-002
      1095,1.135792912E+000,1.733373638E+000,6.524242461E-002
      1096,1.117848254E+000,1.635992446E+000,1.058421135E-001
      1097,1.094334301E+000,1.540764553E+000,1.200716943E-001
      1098,1.066521548E+000,1.450894912E+000,1.053324714E-001
      1099,1.041024555E+000,1.362950491E+000,7.845646143E-002
      1100,1.011734443E+000,1.276374633E+000,4.897572473E-002
      1101,9.782447509E-001,1.201322286E+000,2.679143846E-002
      1102,9.675925833E-001,1.127178369E+000,1.168186404E-002
      1103,9.632576376E-001,1.047489271E+000,2.428271575E-003
      1104,9.627497119E-001,9.622821522E-001,7.035765157E-005
      1105,3.003735549E+000,1.005989385E+000,6.110555492E-003
      1106,3.006532131E+000,1.107279813E+000,1.909496821E-002
      1107,3.010215874E+000,1.207277555E+000,4.058200493E-002
      1108,3.013797573E+000,1.305680115E+000,6.693880260E-002
      1109,3.016228642E+000,1.402830208E+000,9.265728295E-002
      1110,3.016904400E+000,1.499484756E+000,1.106731966E-001
      1111,3.015580688E+000,1.596481370E+000,1.080092862E-001
      1112,3.012853043E+000,1.694490533E+000,8.097678423E-002
      1113,3.009635807E+000,1.793745357E+000,4.492954165E-002
      1114,3.006676862E+000,1.894085876E+000,1.690728962E-002
      1115,3.004358767E+000,1.995110808E+000,3.926339559E-003
      1116,1.063106020E+000,9.639594270E-001,3.185005626E-004
      1117,1.164710452E+000,9.706216544E-001,8.567552431E-004
      1118,1.268913781E+000,9.779441286E-001,1.472823787E-003
      1119,1.374110674E+000,9.843820346E-001,2.091016388E-003
      1120,1.479259892E+000,9.893187746E-001,2.617481630E-003
      1121,1.583874669E+000,9.927467051E-001,3.007716732E-003
      1122,1.687730501E+000,9.950289665E-001,3.277118318E-003
      1123,1.790802504E+000,9.965355231E-001,3.462051041E-003
      1124,1.893179595E+000,9.975487876E-001,3.594923066E-003
      1125,1.994997319E+000,9.982615561E-001,3.698707325E-003
      1126,2.096393261E+000,9.987881775E-001,3.791098250E-003
      1127,2.197490247E+000,9.992098856E-001,3.891563276E-003
      1128,2.298404550E+000,9.996474290E-001,4.022740293E-003
      1129,2.399257382E+000,1.000268484E+000,4.203815013E-003
      1130,2.500112427E+000,1.001198710E+000,4.436838441E-003
      1131,2.601020528E+000,1.002363072E+000,4.707430024E-003
      1132,2.701970927E+000,1.003572769E+000,5.002940539E-003
      1133,2.802860067E+000,1.004630459E+000,5.335642025E-003
      1134,2.903547236E+000,1.005426637E+000,5.705504678E-003
      1135,2.903741643E+000,1.995430024E+000,3.549732268E-003
      1136,2.802816210E+000,1.996140217E+000,3.233669791E-003
      1137,2.701600786E+000,1.997222703E+000,2.939039841E-003
      1138,2.600208622E+000,1.998609184E+000,2.637696918E-003
      1139,2.498808651E+000,2.000177223E+000,2.338386141E-003
      1140,2.397542211E+000,2.001809527E+000,2.062104410E-003
      1141,2.296464738E+000,2.003359435E+000,1.826894237E-003
      1142,2.195511097E+000,2.004764981E+000,1.636033878E-003
      1143,2.094554987E+000,2.006057587E+000,1.480775303E-003
      1144,1.993354156E+000,2.007290241E+000,1.351873041E-003
      1145,1.891723744E+000,2.008475037E+000,1.251250971E-003
      1146,1.789559576E+000,2.009473808E+000,1.182050561E-003
      1147,1.686858128E+000,2.010438258E+000,1.134375692E-003
      1148,1.583533329E+000,2.011500761E+000,1.087295241E-003
      1149,1.479612139E+000,2.012928539E+000,1.008465304E-003
      1150,1.375448819E+000,2.015164757E+000,8.620811277E-004
      1151,1.271681393E+000,2.018461117E+000,6.413480733E-004
      1152,1.263019384E+000,1.921140332E+000,6.595894229E-003
      1153,1.252625489E+000,1.822666080E+000,2.958454378E-002
      1154,1.239185901E+000,1.722413496E+000,7.038974017E-002
      1155,1.220472398E+000,1.620303315E+000,1.068540812E-001
      1156,1.193032486E+000,1.519260871E+000,1.167036444E-001
      1157,1.155168472E+000,1.432853312E+000,1.010098830E-001
      1158,1.137097030E+000,1.345548874E+000,7.679297775E-002
      1159,1.112156287E+000,1.241429923E+000,4.052590579E-002
      1160,1.043083309E+000,1.184161665E+000,2.566368133E-002
      1161,1.051999344E+000,1.124221898E+000,1.490500662E-002
      1162,1.058317947E+000,1.048076955E+000,3.990517929E-003
      1163,2.906220665E+000,1.106734665E+000,1.852753945E-002
      1164,2.909743199E+000,1.206751748E+000,4.006113112E-002
      1165,2.913106769E+000,1.305229757E+000,6.661223620E-002
      1166,2.915472520E+000,1.402523606E+000,9.254848957E-002
      1167,2.915909842E+000,1.499359987E+000,1.106733531E-001
      1168,2.914406499E+000,1.596609086E+000,1.079562679E-001
      1169,2.911678259E+000,1.694866694E+000,8.062129468E-002
      1170,2.908627524E+000,1.794277339E+000,4.417658225E-002
      1171,2.905919968E+000,1.894624153E+000,1.616661996E-002
      1172,1.155876429E+000,1.059448638E+000,6.520288531E-003
      1173,1.260411827E+000,1.070255890E+000,8.537767455E-003
      1174,1.366575131E+000,1.079486802E+000,1.060200576E-002
      1175,1.472905437E+000,1.086397598E+000,1.223801821E-002
      1176,1.578688412E+000,1.091105931E+000,1.336821821E-002
      1177,1.683594793E+000,1.094168501E+000,1.410797425E-002
      1178,1.787546441E+000,1.096132870E+000,1.459109876E-002
      1179,1.890620557E+000,1.097406978E+000,1.491721813E-002
      1180,1.992972826E+000,1.098269591E+000,1.515371725E-002
      1181,2.094785804E+000,1.098904004E+000,1.535271760E-002
      1182,2.196282976E+000,1.099470014E+000,1.556122210E-002
      1183,2.297652844E+000,1.100132847E+000,1.582076028E-002
      1184,2.399072349E+000,1.101025300E+000,1.615237817E-002
      1185,2.500618053E+000,1.102183675E+000,1.654465497E-002
      1186,2.602295272E+000,1.103465339E+000,1.697077788E-002
      1187,2.703938743E+000,1.104682102E+000,1.744102687E-002
      1188,2.805389522E+000,1.105702276E+000,1.797213033E-002
      1189,2.804716766E+000,1.895341444E+000,1.545595936E-002
      1190,2.703007386E+000,1.896641765E+000,1.472320501E-002
      1191,2.600980778E+000,1.898420838E+000,1.391563285E-002
      1192,2.498918627E+000,1.900515818E+000,1.303439494E-002
      1193,2.397106045E+000,1.902630990E+000,1.216520462E-002
      1194,2.295604601E+000,1.904580196E+000,1.137712132E-002
      1195,2.194309927E+000,1.906319050E+000,1.068667974E-002
      1196,2.092965644E+000,1.907909216E+000,1.008692384E-002
      1197,1.991254087E+000,1.909338975E+000,9.590616450E-003
      1198,1.888944929E+000,1.910430537E+000,9.236239828E-003
      1199,1.785971901E+000,1.911185754E+000,9.038629942E-003
      1200,1.682286456E+000,1.911771601E+000,8.952582255E-003
      1201,1.577828917E+000,1.912508790E+000,8.866409771E-003
      1202,1.472740572E+000,1.913936135E+000,8.595984429E-003
      1203,1.367452301E+000,1.916683170E+000,7.911942899E-003
      1204,2.808442601E+000,1.205796476E+000,3.952950239E-002
      1205,2.811490951E+000,1.304528573E+000,6.628261507E-002
      1206,2.813404820E+000,1.402206277E+000,9.245178849E-002
      1207,2.813524117E+000,1.499529738E+000,1.106888205E-001
      1208,2.812002882E+000,1.597263659E+000,1.078757644E-001
      1209,2.809563672E+000,1.695854296E+000,8.016112447E-002
      1210,2.806977110E+000,1.795363295E+000,4.334927350E-002
      1211,1.141871121E+000,1.147543197E+000,1.987985522E-002
      1212,1.249864733E+000,1.162247274E+000,2.413831465E-002
      1213,1.357609010E+000,1.174805962E+000,2.889527380E-002
      1214,1.465448418E+000,1.184101977E+000,3.208244964E-002
      1215,1.572674767E+000,1.190269069E+000,3.409043327E-002
      1216,1.678791935E+000,1.194178206E+000,3.533240780E-002
      1217,1.783709195E+000,1.196611561E+000,3.610035777E-002
      1218,1.887538560E+000,1.198131930E+000,3.657982498E-002
      1219,1.990481259E+000,1.199098025E+000,3.689021990E-002
      1220,2.092831970E+000,1.199773303E+000,3.711880371E-002
      1221,2.194860564E+000,1.200357188E+000,3.733270243E-002
      1222,2.296873984E+000,1.201010970E+000,3.757952526E-002
      1223,2.399065143E+000,1.201841036E+000,3.787506744E-002
      1224,2.501508398E+000,1.202815626E+000,3.820297867E-002
      1225,2.604053418E+000,1.203797037E+000,3.856008872E-002
      1226,2.706485415E+000,1.204674323E+000,3.900272399E-002
      1227,2.704845640E+000,1.796730965E+000,4.240692407E-002
      1228,2.602162794E+000,1.798738009E+000,4.131676257E-002
      1229,2.499406734E+000,1.801053012E+000,4.009617865E-002
      1230,2.396948890E+000,1.803338749E+000,3.885538876E-002
      1231,2.294904437E+000,1.805457097E+000,3.767670318E-002
      1232,2.193108495E+000,1.807395632E+000,3.658761084E-002
      1233,2.091230133E+000,1.809125507E+000,3.561775386E-002
      1234,1.988907005E+000,1.810482848E+000,3.483836353E-002
      1235,1.885901715E+000,1.811305576E+000,3.433399275E-002
      1236,1.782094804E+000,1.811614169E+000,3.411375359E-002
      1237,1.677376452E+000,1.811694605E+000,3.404108807E-002
      1238,1.571709642E+000,1.812017765E+000,3.393504396E-002
      1239,1.465102123E+000,1.813310996E+000,3.355128691E-002
      1240,1.358083757E+000,1.816523238E+000,3.242700920E-002
      1241,2.708819572E+000,1.303793784E+000,6.598262489E-002
      1242,2.710111351E+000,1.402093709E+000,9.238889813E-002
      1243,2.709956874E+000,1.500151038E+000,1.107286662E-001
      1244,2.708614009E+000,1.598528889E+000,1.077629998E-001
      1245,2.706685026E+000,1.697516542E+000,7.954943180E-002
      1246,1.238290102E+000,1.254520006E+000,4.990610480E-002
      1247,1.346969252E+000,1.271309234E+000,5.644234270E-002
      1248,1.457049849E+000,1.283379548E+000,6.004473194E-002
      1249,1.566354489E+000,1.290929017E+000,6.230981275E-002
      1250,1.673945714E+000,1.295524944E+000,6.364981085E-002
      1251,1.779881510E+000,1.298305356E+000,6.443163007E-002
      1252,1.884455852E+000,1.299957170E+000,6.487540901E-002
      1253,1.988012967E+000,1.300909371E+000,6.511358917E-002
      1254,2.090897794E+000,1.301440544E+000,6.523896754E-002
      1255,2.193489896E+000,1.301785444E+000,6.532767415E-002
      1256,2.296131979E+000,1.302106011E+000,6.542291492E-002
      1257,2.399046655E+000,1.302490293E+000,6.553146243E-002
      1258,2.502236171E+000,1.302890932E+000,6.563723832E-002
      1259,2.605496195E+000,1.303230140E+000,6.576664001E-002
      1260,2.603517860E+000,1.699416297E+000,7.883486897E-002
      1261,2.500159709E+000,1.701548157E+000,7.805620134E-002
      1262,2.397106101E+000,1.703668787E+000,7.724212110E-002
      1263,2.294492435E+000,1.705681236E+000,7.644271851E-002
      1264,2.192146636E+000,1.707531081E+000,7.568688691E-002
      1265,2.089716922E+000,1.709088063E+000,7.501975447E-002
      1266,1.986829790E+000,1.710148158E+000,7.451193035E-002
      1267,1.883204599E+000,1.710555788E+000,7.422996312E-002
      1268,1.778622969E+000,1.710382263E+000,7.414248586E-002
      1269,1.672910492E+000,1.709883246E+000,7.411995530E-002
      1270,1.565727799E+000,1.709526364E+000,7.401985675E-002
      1271,1.456692953E+000,1.710140823E+000,7.364233583E-002
      1272,1.346375211E+000,1.713374799E+000,7.293049246E-002
      1273,2.606156723E+000,1.402256936E+000,9.236890823E-002
      1274,2.605813513E+000,1.501148069E+000,1.107936278E-001
      1275,2.604734391E+000,1.600240105E+000,1.076300144E-001
      1276,2.501016324E+000,1.601935702E+000,1.074988246E-001
      1277,2.397549009E+000,1.603609631E+000,1.073679850E-001
      1278,2.294500114E+000,1.605204269E+000,1.072332636E-001
      1279,2.191716671E+000,1.606642444E+000,1.071052998E-001
      1280,2.088865657E+000,1.607772979E+000,1.069941521E-001
      1281,1.985575623E+000,1.608395781E+000,1.069109365E-001
      1282,1.881507135E+000,1.608372009E+000,1.068757102E-001
      1283,1.776361629E+000,1.607689305E+000,1.069067344E-001
      1284,1.669695649E+000,1.606424601E+000,1.070109606E-001
      1285,1.560618446E+000,1.604759518E+000,1.070985869E-001
      1286,1.447805882E+000,1.603336844E+000,1.068313420E-001
      1287,1.330269062E+000,1.604401661E+000,1.066526473E-001
      1288,1.234587794E+000,1.343598114E+000,8.179426193E-002
      1289,1.333435119E+000,1.370476873E+000,8.692939579E-002
      1290,1.448171525E+000,1.385513348E+000,8.893251419E-002
      1291,1.560800052E+000,1.393597670E+000,9.077084810E-002
      1292,1.670104317E+000,1.398276739E+000,9.167315066E-002
      1293,1.776962230E+000,1.401036227E+000,9.215247631E-002
      1294,1.882145447E+000,1.402601844E+000,9.239203483E-002
      1295,1.986175774E+000,1.403362158E+000,9.248495102E-002
      1296,2.089472478E+000,1.403581971E+000,9.250181913E-002
      1297,2.192445728E+000,1.403481752E+000,9.248945117E-002
      1298,2.295459531E+000,1.403239064E+000,9.246474504E-002
      1299,2.398745354E+000,1.402939187E+000,9.242964536E-002
      1300,2.502263077E+000,1.402581701E+000,9.238933027E-002
      1301,2.501766722E+000,1.502251809E+000,1.108826697E-001
      1302,1.303087242E+000,1.479705071E+000,1.098537743E-001
      1303,1.225927713E+000,1.413756663E+000,9.984144568E-002
      1304,2.398167085E+000,1.503297178E+000,1.109867990E-001
      1305,2.294933192E+000,1.504270925E+000,1.110870838E-001
      1306,2.191930103E+000,1.505114891E+000,1.111724153E-001
      1307,2.088877079E+000,1.505702243E+000,1.112330630E-001
      1308,1.985419358E+000,1.505853100E+000,1.112616211E-001
      1309,1.881189524E+000,1.505399610E+000,1.112555563E-001
      1310,1.775775473E+000,1.504183313E+000,1.112339869E-001
      1311,1.668494788E+000,1.501984166E+000,1.112026125E-001
      1312,1.557877941E+000,1.498330275E+000,1.111065075E-001
      1313,1.440656343E+000,1.492484595E+000,1.107949764E-001
