nodenumber,    x-coordinate,    y-coordinate,            c2h6
         1,5.000000000E-003,1.495000000E+000,5.000000000E-001
         2,7.068731585E-002,1.508940903E+000,2.910582125E-001
         3,4.403980658E-002,1.551726335E+000,2.072391063E-001
         4,5.000000000E-003,1.505000000E+000,5.000000000E-001
         5,0.000000000E+000,1.401562500E+000,0.000000000E+000
         6,4.885011125E-002,1.420179041E+000,3.361417726E-002
         7,0.000000000E+000,1.308125000E+000,0.000000000E+000
         8,7.311745740E-002,1.332834160E+000,1.224993635E-002
         9,0.000000000E+000,1.214687500E+000,0.000000000E+000
        10,9.163935468E-002,1.233594264E+000,2.280233195E-003
        11,0.000000000E+000,1.121250000E+000,0.000000000E+000
        12,9.293068681E-002,1.130193112E+000,1.903608936E-004
        13,0.000000000E+000,1.027812500E+000,0.000000000E+000
        14,9.200790270E-002,1.032520923E+000,1.494369428E-007
        15,0.000000000E+000,9.343750000E-001,0.000000000E+000
        16,9.154873500E-002,9.374881323E-001,7.471860908E-010
        17,0.000000000E+000,8.409375000E-001,0.000000000E+000
        18,9.167399806E-002,8.433870407E-001,1.209939093E-011
        19,0.000000000E+000,7.475000000E-001,0.000000000E+000
        20,9.202744179E-002,7.495515556E-001,2.529788445E-013
        21,0.000000000E+000,6.540625000E-001,0.000000000E+000
        22,9.247372448E-002,6.558636677E-001,1.134390315E-014
        23,0.000000000E+000,5.606250000E-001,0.000000000E+000
        24,9.318908419E-002,5.623162447E-001,1.060289162E-015
        25,0.000000000E+000,4.671875000E-001,0.000000000E+000
        26,9.418217718E-002,4.688433463E-001,9.497644118E-017
        27,0.000000000E+000,3.737500000E-001,0.000000000E+000
        28,9.541534025E-002,3.753235534E-001,6.683703308E-018
        29,0.000000000E+000,2.803125000E-001,0.000000000E+000
        30,9.671003948E-002,2.816812100E-001,3.442865038E-019
        31,0.000000000E+000,1.868750000E-001,0.000000000E+000
        32,9.794447158E-002,1.878815348E-001,1.191315454E-020
        33,0.000000000E+000,9.343750000E-002,0.000000000E+000
        34,9.903156835E-002,9.396601986E-002,2.508523910E-022
        35,1.000000000E-001,0.000000000E+000,4.608183043E-024
        36,1.296169358E-001,1.544792676E+000,1.930614114E-001
        37,8.791972767E-002,1.609006182E+000,1.316286474E-001
        38,0.000000000E+000,1.604666667E+000,0.000000000E+000
        39,0.000000000E+000,1.704333333E+000,0.000000000E+000
        40,1.080148662E-001,1.444755429E+000,1.136677787E-001
        41,1.467218116E-001,1.365526554E+000,5.057993531E-002
        42,2.004344076E-001,1.258945830E+000,1.724999025E-002
        43,1.903731293E-001,1.134177214E+000,3.788322792E-004
        44,1.850594977E-001,1.033369404E+000,3.729207094E-007
        45,1.831936565E-001,9.384875433E-001,1.053711896E-009
        46,1.832964667E-001,8.449589326E-001,2.317877487E-011
        47,1.842018722E-001,7.514773118E-001,1.411126424E-012
        48,1.855417882E-001,6.579176590E-001,1.323434363E-013
        49,1.872827760E-001,5.643401717E-001,1.595323367E-014
        50,1.894343189E-001,4.707069784E-001,1.599319330E-015
        51,1.918078477E-001,3.769321486E-001,1.131321557E-016
        52,1.941776018E-001,2.829466657E-001,5.237590179E-018
        53,1.963314809E-001,1.887738361E-001,1.507260724E-019
        54,1.982661708E-001,9.442722923E-002,2.692480164E-021
        55,2.000000000E-001,0.000000000E+000,4.681634197E-023
        56,0.000000000E+000,2.900333333E+000,0.000000000E+000
        57,9.968951002E-002,2.900279686E+000,5.050104475E-026
        58,1.000000000E-001,3.000000000E+000,0.000000000E+000
        59,0.000000000E+000,2.800666667E+000,0.000000000E+000
        60,9.938784282E-002,2.800496682E+000,7.765790509E-024
        61,0.000000000E+000,2.701000000E+000,0.000000000E+000
        62,9.904535511E-002,2.700651168E+000,4.468046068E-022
        63,0.000000000E+000,2.601333333E+000,0.000000000E+000
        64,9.863369449E-002,2.600771921E+000,1.487419699E-020
        65,0.000000000E+000,2.501666667E+000,0.000000000E+000
        66,9.813047639E-002,2.500887636E+000,3.442090848E-019
        67,0.000000000E+000,2.402000000E+000,0.000000000E+000
        68,9.753055251E-002,2.401241585E+000,6.473329772E-018
        69,0.000000000E+000,2.302333333E+000,0.000000000E+000
        70,9.675921123E-002,2.301982994E+000,1.162510368E-016
        71,0.000000000E+000,2.202666667E+000,0.000000000E+000
        72,9.581920229E-002,2.203473636E+000,1.996071892E-015
        73,0.000000000E+000,2.103000000E+000,0.000000000E+000
        74,9.492835950E-002,2.105973350E+000,2.923773758E-014
        75,0.000000000E+000,2.003333333E+000,0.000000000E+000
        76,9.516299480E-002,2.010171472E+000,2.703035786E-014
        77,0.000000000E+000,1.903666667E+000,0.000000000E+000
        78,9.773096928E-002,1.916072999E+000,2.603378624E-010
        79,0.000000000E+000,1.804000000E+000,0.000000000E+000
        80,1.046013373E-001,1.823884243E+000,2.662574883E-010
        81,1.210841388E-001,1.734513284E+000,7.290685608E-005
        82,1.585703802E-001,1.651170293E+000,9.339406341E-002
        83,1.932784265E-001,1.581416991E+000,1.624807715E-001
        84,1.689688396E-001,1.480310834E+000,1.450962126E-001
        85,2.278424348E-001,1.518248758E+000,1.514873207E-001
        86,3.000000000E-001,0.000000000E+000,2.288739689E-022
        87,2.977260861E-001,9.484802243E-002,1.582440456E-020
        88,4.000000000E-001,0.000000000E+000,1.115879773E-021
        89,3.975684519E-001,9.514614137E-002,9.374534817E-020
        90,5.000000000E-001,0.000000000E+000,5.380358732E-021
        91,4.976510431E-001,9.537715493E-002,6.324910409E-019
        92,6.000000000E-001,0.000000000E+000,6.174406964E-020
        93,5.978152136E-001,9.558791154E-002,6.162378931E-018
        94,7.000000000E-001,0.000000000E+000,1.501779593E-018
        95,6.979197474E-001,9.590817765E-002,8.415750110E-017
        96,8.000000000E-001,0.000000000E+000,2.343970287E-017
        97,7.979717994E-001,9.642282942E-002,8.649824754E-016
        98,9.000000000E-001,0.000000000E+000,1.767535150E-016
        99,8.980519089E-001,9.710150517E-002,5.352869603E-015
       100,1.000000000E+000,0.000000000E+000,8.118408988E-016
       101,9.982132645E-001,9.782740336E-002,2.241900886E-014
       102,1.100000000E+000,0.000000000E+000,2.681058754E-015
       103,1.098453615E+000,9.848489320E-002,7.158902919E-014
       104,1.200000000E+000,0.000000000E+000,7.440461923E-015
       105,1.198737675E+000,9.900852077E-002,1.996463840E-013
       106,1.300000000E+000,0.000000000E+000,1.889305464E-014
       107,1.299024051E+000,9.938533769E-002,5.206201139E-013
       108,1.400000000E+000,0.000000000E+000,4.581800773E-014
       109,1.399281227E+000,9.963548423E-002,1.315351365E-012
       110,1.500000000E+000,0.000000000E+000,1.099833454E-013
       111,1.499492670E+000,9.979136044E-002,3.307905599E-012
       112,1.600000000E+000,0.000000000E+000,2.686518271E-013
       113,1.599654958E+000,9.988392508E-002,8.407242784E-012
       114,1.700000000E+000,0.000000000E+000,6.745002235E-013
       115,1.699772883E+000,9.993690568E-002,2.157318942E-011
       116,1.800000000E+000,0.000000000E+000,1.728267919E-012
       117,1.799854782E+000,9.996636617E-002,5.521720581E-011
       118,1.900000000E+000,0.000000000E+000,4.355358522E-012
       119,1.899909506E+000,9.998239816E-002,1.362996244E-010
       120,2.000000000E+000,0.000000000E+000,1.021381590E-011
       121,1.999944893E+000,9.999098639E-002,3.094332568E-010
       122,2.100000000E+000,0.000000000E+000,2.158585290E-011
       123,2.099967182E+000,9.999551215E-002,6.294944010E-010
       124,2.200000000E+000,0.000000000E+000,4.058793926E-011
       125,2.199981034E+000,9.999784248E-002,1.137205663E-009
       126,2.300000000E+000,0.000000000E+000,6.759202920E-011
       127,2.299989917E+000,9.999899015E-002,1.820256501E-009
       128,2.400000000E+000,0.000000000E+000,9.969487041E-011
       129,2.399996661E+000,9.999937915E-002,2.585013759E-009
       130,2.500000000E+000,0.000000000E+000,1.305715536E-010
       131,2.500004052E+000,9.999862817E-002,3.268064930E-009
       132,2.600000000E+000,0.000000000E+000,1.524579490E-010
       133,2.600015173E+000,9.999468687E-002,3.694874406E-009
       134,2.700000000E+000,0.000000000E+000,1.595130833E-010
       135,2.700033061E+000,9.998270116E-002,3.757580469E-009
       136,2.800000000E+000,0.000000000E+000,1.505871677E-010
       137,2.800059118E+000,9.995543823E-002,3.464240006E-009
       138,2.900000000E+000,0.000000000E+000,1.295200891E-010
       139,2.900091295E+000,9.990754210E-002,2.926236808E-009
       140,3.000000000E+000,0.000000000E+000,1.027532504E-010
       141,3.000124616E+000,9.984219836E-002,2.293784052E-009
       142,3.100000000E+000,0.000000000E+000,7.613269043E-011
       143,3.100155835E+000,9.977231454E-002,1.688525875E-009
       144,3.200000000E+000,0.000000000E+000,5.318883528E-011
       145,3.200188553E+000,9.970956414E-002,1.176207576E-009
       146,3.300000000E+000,0.000000000E+000,3.526201553E-011
       147,3.300226727E+000,9.965786037E-002,7.789032197E-010
       148,3.400000000E+000,0.000000000E+000,2.233454741E-011
       149,3.400265797E+000,9.961185986E-002,4.931871578E-010
       150,3.500000000E+000,0.000000000E+000,1.364006564E-011
       151,3.500291344E+000,9.958507260E-002,3.007021021E-010
       152,3.600000000E+000,0.000000000E+000,8.102397225E-012
       153,3.600285496E+000,9.958844769E-002,1.777961389E-010
       154,3.700000000E+000,0.000000000E+000,4.720090638E-012
       155,3.700246380E+000,9.963106929E-002,1.025024787E-010
       156,3.800000000E+000,0.000000000E+000,2.727640379E-012
       157,3.800187134E+000,9.970972574E-002,5.806178455E-011
       158,3.900000000E+000,0.000000000E+000,1.595511700E-012
       159,3.900100009E+000,9.983971998E-002,3.266237281E-011
       160,4.000000000E+000,1.000000000E-001,2.346389055E-011
       161,3.900000000E+000,3.000000000E+000,2.269769268E-011
       162,3.900094140E+000,2.900145918E+000,3.810807780E-010
       163,4.000000000E+000,2.900000000E+000,2.680148325E-010
       164,3.800000000E+000,3.000000000E+000,4.055403582E-011
       165,3.800157179E+000,2.900240848E+000,7.000266478E-010
       166,3.700000000E+000,3.000000000E+000,7.309787498E-011
       167,3.700202010E+000,2.900293312E+000,1.272642991E-009
       168,3.600000000E+000,3.000000000E+000,1.306992986E-010
       169,3.600225842E+000,2.900298548E+000,2.277565025E-009
       170,3.500000000E+000,3.000000000E+000,2.290783535E-010
       171,3.500225004E+000,2.900274724E+000,3.983389618E-009
       172,3.400000000E+000,3.000000000E+000,3.891570399E-010
       173,3.400201257E+000,2.900242942E+000,6.749084847E-009
       174,3.300000000E+000,3.000000000E+000,6.344528236E-010
       175,3.300167765E+000,2.900215022E+000,1.098973268E-008
       176,3.200000000E+000,3.000000000E+000,9.849646654E-010
       177,3.200138226E+000,2.900188571E+000,1.708557562E-008
       178,3.100000000E+000,3.000000000E+000,1.446721964E-009
       179,3.100116277E+000,2.900155914E+000,2.521212394E-008
       180,3.000000000E+000,3.000000000E+000,1.996028898E-009
       181,3.000097537E+000,2.900116914E+000,3.506723445E-008
       182,2.900000000E+000,3.000000000E+000,2.563565804E-009
       183,2.900078472E+000,2.900078738E+000,4.557430344E-008
       184,2.800000000E+000,3.000000000E+000,3.034125839E-009
       185,2.800059428E+000,2.900047992E+000,5.480800525E-008
       186,2.700000000E+000,3.000000000E+000,3.276678484E-009
       187,2.700042291E+000,2.900026822E+000,6.040532696E-008
       188,2.600000000E+000,3.000000000E+000,3.199905008E-009
       189,2.600028317E+000,2.900013927E+000,6.046336409E-008
       190,2.500000000E+000,3.000000000E+000,2.803840049E-009
       191,2.500017483E+000,2.900006812E+000,5.452137231E-008
       192,2.400000000E+000,3.000000000E+000,2.190548853E-009
       193,2.400008448E+000,2.900003261E+000,4.398557252E-008
       194,2.300000000E+000,3.000000000E+000,1.519649850E-009
       195,2.299998257E+000,2.900001860E+000,3.159055595E-008
       196,2.200000000E+000,3.000000000E+000,9.352215669E-010
       197,2.199981402E+000,2.900002095E+000,2.015714173E-008
       198,2.100000000E+000,3.000000000E+000,5.124538571E-010
       199,2.099948438E+000,2.900004756E+000,1.145487705E-008
       200,2.000000000E+000,3.000000000E+000,2.526115150E-010
       201,1.999885164E+000,2.900013839E+000,5.852552221E-009
       202,1.900000000E+000,3.000000000E+000,1.146204173E-010
       203,1.899774685E+000,2.900041533E+000,2.745418115E-009
       204,1.800000000E+000,3.000000000E+000,4.873430132E-011
       205,1.799606094E+000,2.900116818E+000,1.197485333E-009
       206,1.700000000E+000,3.000000000E+000,1.864996699E-011
       207,1.699391000E+000,2.900290082E+000,4.663898157E-010
       208,1.600000000E+000,3.000000000E+000,5.942513408E-012
       209,1.599182040E+000,2.900617639E+000,1.510375713E-010
       210,1.500000000E+000,3.000000000E+000,1.416090444E-012
       211,1.499084022E+000,2.901111762E+000,3.701357970E-011
       212,1.400000000E+000,3.000000000E+000,2.180383830E-013
       213,1.399221828E+000,2.901666142E+000,6.150017128E-012
       214,1.300000000E+000,3.000000000E+000,1.906055033E-014
       215,1.299616206E+000,2.902054052E+000,6.547632445E-013
       216,1.200000000E+000,3.000000000E+000,1.172543685E-015
       217,1.200111346E+000,2.902087791E+000,5.487413841E-014
       218,1.100000000E+000,3.000000000E+000,9.712646227E-017
       219,1.100503248E+000,2.901786895E+000,5.461934836E-015
       220,1.000000000E+000,3.000000000E+000,1.347757549E-017
       221,1.000688193E+000,2.901328335E+000,7.633598564E-016
       222,9.000000000E-001,3.000000000E+000,2.324951171E-018
       223,9.006712516E-001,2.900879493E+000,1.291989281E-016
       224,8.000000000E-001,3.000000000E+000,4.064757517E-019
       225,8.005026503E-001,2.900506436E+000,2.264258034E-017
       226,7.000000000E-001,3.000000000E+000,6.569222209E-020
       227,7.002303127E-001,2.900191369E+000,3.721102178E-018
       228,6.000000000E-001,3.000000000E+000,9.148285572E-021
       229,5.999199813E-001,2.899987133E+000,5.320484120E-019
       230,5.000000000E-001,3.000000000E+000,1.012732410E-021
       231,4.996321214E-001,2.899905558E+000,6.177779664E-020
       232,4.000000000E-001,3.000000000E+000,7.965107103E-023
       233,3.994465926E-001,2.899938034E+000,5.361490290E-021
       234,3.000000000E-001,3.000000000E+000,3.532838622E-024
       235,2.993973557E-001,2.900035214E+000,3.025749082E-022
       236,2.000000000E-001,3.000000000E+000,2.927283169E-026
       237,1.994911393E-001,2.900157643E+000,7.934760571E-024
       238,4.000000000E+000,2.000000000E-001,4.598731396E-010
       239,3.900168512E+000,1.997191324E-001,6.484157100E-010
       240,4.000000000E+000,3.000000000E-001,5.687187610E-009
       241,3.900176137E+000,2.996799739E-001,8.067779333E-009
       242,4.000000000E+000,4.000000000E-001,4.910559070E-008
       243,3.900150609E+000,3.997003350E-001,6.982168088E-008
       244,4.000000000E+000,5.000000000E-001,3.136261739E-007
       245,3.900115640E+000,4.997610660E-001,4.457566263E-007
       246,4.000000000E+000,6.000000000E-001,1.540878543E-006
       247,3.900084725E+000,5.998498549E-001,2.184485993E-006
       248,4.000000000E+000,7.000000000E-001,6.009087429E-006
       249,3.900065892E+000,6.999695734E-001,8.484204045E-006
       250,4.000000000E+000,8.000000000E-001,1.913700544E-005
       251,3.900072366E+000,8.001378625E-001,2.688463246E-005
       252,4.000000000E+000,9.000000000E-001,5.116781904E-005
       253,3.900141582E+000,9.003756823E-001,7.150194870E-005
       254,4.000000000E+000,1.000000000E+000,1.179762185E-004
       255,3.900345746E+000,1.000685629E+000,1.639960828E-004
       256,4.000000000E+000,1.100000000E+000,2.402199607E-004
       257,3.900770783E+000,1.101018099E+000,3.321986878E-004
       258,4.000000000E+000,1.200000000E+000,4.398252640E-004
       259,3.901447948E+000,1.201238583E+000,6.049420917E-004
       260,4.000000000E+000,1.300000000E+000,7.314091781E-004
       261,3.902256695E+000,1.301175284E+000,1.000433811E-003
       262,4.000000000E+000,1.400000000E+000,1.113176579E-003
       263,3.902915168E+000,1.400771367E+000,1.515765674E-003
       264,4.000000000E+000,1.500000000E+000,1.610463019E-003
       265,3.903163020E+000,1.500161864E+000,2.191190841E-003
       266,4.000000000E+000,1.600000000E+000,1.638764748E-003
       267,3.902944890E+000,1.599568169E+000,2.231631195E-003
       268,4.000000000E+000,1.700000000E+000,1.172564924E-003
       269,3.902400769E+000,1.699157935E+000,1.598371542E-003
       270,4.000000000E+000,1.800000000E+000,7.882950595E-004
       271,3.901743861E+000,1.798987992E+000,1.078638947E-003
       272,4.000000000E+000,1.900000000E+000,4.838415771E-004
       273,3.901146957E+000,1.899020051E+000,6.654775352E-004
       274,4.000000000E+000,2.000000000E+000,2.688345849E-004
       275,3.900693811E+000,1.999174306E+000,3.719679953E-004
       276,4.000000000E+000,2.100000000E+000,1.330990053E-004
       277,3.900393477E+000,2.099379111E+000,1.853774593E-004
       278,4.000000000E+000,2.200000000E+000,5.754823724E-005
       279,3.900219255E+000,2.199592353E+000,8.070975309E-005
       280,4.000000000E+000,2.300000000E+000,2.120389945E-005
       281,3.900138689E+000,2.299798657E+000,2.994176430E-005
       282,4.000000000E+000,2.400000000E+000,6.475562714E-006
       283,3.900123237E+000,2.399992767E+000,9.200135537E-006
       284,4.000000000E+000,2.500000000E+000,1.590034913E-006
       285,3.900148478E+000,2.500154266E+000,2.269919833E-006
       286,4.000000000E+000,2.600000000E+000,3.032709230E-007
       287,3.900177348E+000,2.600252070E+000,4.342991531E-007
       288,4.000000000E+000,2.700000000E+000,4.304776269E-008
       289,3.900179788E+000,2.700273570E+000,6.171484301E-008
       290,4.000000000E+000,2.800000000E+000,4.278647658E-009
       291,3.900142999E+000,2.800220634E+000,6.126188890E-009
       292,1.989544834E-001,2.800225521E+000,7.066279745E-022
       293,1.983301160E-001,2.700179011E+000,3.398474778E-020
       294,1.975242659E-001,2.600052021E+000,1.048816730E-018
       295,1.965348445E-001,2.500076192E+000,2.298182531E-017
       296,1.952726864E-001,2.400562325E+000,4.193810735E-016
       297,1.936789641E-001,2.302040329E+000,6.732365249E-015
       298,1.918102686E-001,2.204876022E+000,9.772181843E-014
       299,1.903864765E-001,2.109841308E+000,1.239341529E-012
       300,1.904630273E-001,2.017336676E+000,1.166382702E-011
       301,1.932809427E-001,1.927700161E+000,3.845637697E-010
       302,2.001266700E-001,1.840989260E+000,3.943364746E-008
       303,2.138484590E-001,1.758218824E+000,9.577906894E-005
       304,2.356730026E-001,1.680938499E+000,7.074095309E-002
       305,2.598258278E-001,1.612050579E+000,1.442979872E-001
       306,2.851072097E-001,1.551775920E+000,1.497760117E-001
       307,2.680671081E-001,1.460667307E+000,1.192476600E-001
       308,3.146932034E-001,1.501963189E+000,1.334269643E-001
       309,2.126271518E-001,1.413382573E+000,9.310882539E-002
       310,3.800294955E+000,1.995187540E-001,1.171557407E-009
       311,3.800318129E+000,2.994394692E-001,1.469563937E-008
       312,3.800285673E+000,3.994652047E-001,1.275763708E-007
       313,3.800229356E+000,4.995750532E-001,8.138289331E-007
       314,3.800177056E+000,5.997588881E-001,3.972355444E-006
       315,3.800148129E+000,7.000285440E-001,1.532860006E-005
       316,3.800178180E+000,8.004130925E-001,4.817783338E-005
       317,3.800346029E+000,9.009324383E-001,1.269667846E-004
       318,3.800783532E+000,1.001558527E+000,2.884271380E-004
       319,3.801634696E+000,1.102159751E+000,5.784781533E-004
       320,3.802928351E+000,1.202472447E+000,1.042667078E-003
       321,3.804407856E+000,1.302228971E+000,1.707773074E-003
       322,3.805566663E+000,1.401396519E+000,2.569021890E-003
       323,3.805979860E+000,1.500235599E+000,3.708979813E-003
       324,3.805571080E+000,1.599119429E+000,3.781678621E-003
       325,3.804582770E+000,1.698333682E+000,2.715323586E-003
       326,3.803381608E+000,1.797984280E+000,1.844305312E-003
       327,3.802272043E+000,1.898016882E+000,1.148193609E-003
       328,3.801411850E+000,1.998300248E+000,6.484913756E-004
       329,3.800830301E+000,2.098705180E+000,3.268754226E-004
       330,3.800487617E+000,2.199144147E+000,1.439922344E-004
       331,3.800323059E+000,2.299570989E+000,5.403001342E-005
       332,3.800280987E+000,2.399951537E+000,1.677160617E-005
       333,3.800301978E+000,2.500241966E+000,4.171895853E-006
       334,3.800326211E+000,2.600406121E+000,8.026924547E-007
       335,3.800317243E+000,2.700452944E+000,1.143347816E-007
       336,3.800252323E+000,2.800374452E+000,1.133620131E-008
       337,3.700341317E+000,2.800483805E+000,2.069364236E-008
       338,3.600389280E+000,2.800510333E+000,3.707157248E-008
       339,3.500392351E+000,2.800495685E+000,6.475697489E-008
       340,3.400359205E+000,2.800468784E+000,1.095620092E-007
       341,3.300315580E+000,2.800441832E+000,1.784120229E-007
       342,3.200281063E+000,2.800403189E+000,2.780688533E-007
       343,3.100254792E+000,2.800340963E+000,4.125853934E-007
       344,3.000225785E+000,2.800260286E+000,5.789935926E-007
       345,2.900189099E+000,2.800178890E+000,7.622434168E-007
       346,2.800148066E+000,2.800111748E+000,9.329096997E-007
       347,2.700108494E+000,2.800064260E+000,1.051789127E-006
       348,2.600074171E+000,2.800034475E+000,1.082719905E-006
       349,2.500045368E+000,2.800017682E+000,1.009242737E-006
       350,2.400018602E+000,2.800009581E+000,8.455639886E-007
       351,2.299986159E+000,2.800007507E+000,6.330222959E-007
       352,2.199934800E+000,2.800010550E+000,4.220894709E-007
       353,2.099844333E+000,2.800020512E+000,2.509037529E-007
       354,1.999688384E+000,2.800046238E+000,1.340505946E-007
       355,1.899441577E+000,2.800113724E+000,6.558606458E-008
       356,1.799097577E+000,2.800280023E+000,2.961355072E-008
       357,1.698696812E+000,2.800636301E+000,1.186721033E-008
       358,1.598353756E+000,2.801274903E+000,3.968913198E-009
       359,1.498263512E+000,2.802194112E+000,1.027937846E-009
       360,1.398607071E+000,2.803177601E+000,1.923350507E-010
       361,1.299354695E+000,2.803826859E+000,2.601043166E-011
       362,1.200229640E+000,2.803859703E+000,3.005997361E-012
       363,1.100916663E+000,2.803336266E+000,3.785253361E-013
       364,1.001242170E+000,2.802536790E+000,5.754456563E-014
       365,9.011834653E-001,2.801691649E+000,9.900992684E-015
       366,8.008136986E-001,2.800871949E+000,1.718120995E-015
       367,7.002697522E-001,2.800205300E+000,2.742386428E-016
       368,5.996536077E-001,2.799772996E+000,3.810253967E-017
       369,4.991255528E-001,2.799617695E+000,4.361825940E-018
       370,3.988115159E-001,2.799691885E+000,3.856341090E-019
       371,2.987647592E-001,2.799914860E+000,2.338575463E-020
       372,2.952133693E-001,1.895484178E-001,1.154902127E-018
       373,3.947602916E-001,1.902136405E-001,7.287279217E-018
       374,4.948308428E-001,1.907611336E-001,5.093640238E-017
       375,5.950785426E-001,1.913140166E-001,4.498971560E-016
       376,6.952880201E-001,1.920526773E-001,4.564760079E-015
       377,7.954649324E-001,1.931143867E-001,3.309396011E-014
       378,8.957253245E-001,1.944249152E-001,1.658171891E-013
       379,9.961347575E-001,1.957918355E-001,6.208151940E-013
       380,1.096676639E+000,1.970262753E-001,1.920484822E-012
       381,1.197285133E+000,1.980168880E-001,5.447336159E-012
       382,1.297886064E+000,1.987392829E-001,1.481352541E-011
       383,1.398423316E+000,1.992275849E-001,3.950541977E-011
       384,1.498867691E+000,1.995392246E-001,1.046451328E-010
       385,1.599213379E+000,1.997301560E-001,2.751166239E-010
       386,1.699469310E+000,1.998439921E-001,7.107687217E-010
       387,1.799651129E+000,1.999107963E-001,1.781942816E-009
       388,1.899775896E+000,1.999497386E-001,4.241945462E-009
       389,1.999859144E+000,1.999723292E-001,9.217898445E-009
       390,2.099913624E+000,1.999852589E-001,1.789012138E-008
       391,2.199949341E+000,1.999924509E-001,3.082722699E-008
       392,2.299974400E+000,1.999961548E-001,4.714614477E-008
       393,2.399996114E+000,1.999970988E-001,6.415431386E-008
       394,2.500021856E+000,1.999935195E-001,7.799323498E-008
       395,2.600058914E+000,1.999790854E-001,8.515598893E-008
       396,2.700112159E+000,1.999414498E-001,8.405272212E-008
       397,2.800179547E+000,1.998658628E-001,7.565195403E-008
       398,2.900249186E+000,1.997467961E-001,6.279012155E-008
       399,3.000304062E+000,1.996015400E-001,4.866331693E-008
       400,3.100338066E+000,1.994669422E-001,3.556803208E-008
       401,3.200365906E+000,1.993750014E-001,2.465161586E-008
       402,3.300402430E+000,1.993142676E-001,1.626307267E-008
       403,3.400442285E+000,1.992789458E-001,1.025926100E-008
       404,3.500459153E+000,1.992752982E-001,6.225994831E-009
       405,3.600433953E+000,1.993165608E-001,3.655049374E-009
       406,3.700365758E+000,1.994098198E-001,2.088710316E-009
       407,2.979507537E-001,2.699646570E+000,1.055525372E-018
       408,2.968600169E-001,2.599333105E+000,3.116850959E-017
       409,2.953960322E-001,2.499298667E+000,6.842745076E-016
       410,2.934737242E-001,2.400217570E+000,1.198966921E-014
       411,2.910611950E-001,2.302530436E+000,1.800376932E-013
       412,2.884597773E-001,2.206948533E+000,2.392843085E-012
       413,2.863530970E-001,2.114013061E+000,2.701100628E-011
       414,2.857670640E-001,2.024312647E+000,2.360066309E-010
       415,2.871243386E-001,1.937732913E+000,1.835552266E-009
       416,2.918748417E-001,1.854753668E+000,1.253533952E-007
       417,3.008688422E-001,1.775480331E+000,1.193883581E-004
       418,3.134836066E-001,1.700780352E+000,6.100318208E-002
       419,3.270287569E-001,1.632592199E+000,1.340933740E-001
       420,3.391260201E-001,1.574064210E+000,1.463916749E-001
       421,3.479658422E-001,1.531523284E+000,1.383621246E-001
       422,3.617348260E-001,1.466005782E+000,1.160426140E-001
       423,3.898576785E-001,1.517789152E+000,1.315568238E-001
       424,3.210895525E-001,1.410468387E+000,9.180452675E-002
       425,2.704922909E-001,1.346282069E+000,5.891031399E-002
       426,3.979633545E-001,2.699241739E+000,1.702416945E-017
       427,3.966680064E-001,2.598794777E+000,5.204535181E-016
       428,3.948224672E-001,2.498930934E+000,1.157070384E-014
       429,3.923318701E-001,2.400233005E+000,2.016362202E-013
       430,3.892601080E-001,2.303562673E+000,2.964184670E-012
       431,3.859809330E-001,2.209427725E+000,3.704217141E-011
       432,3.831476015E-001,2.118332094E+000,3.823664163E-010
       433,3.813248964E-001,2.030507551E+000,3.053989728E-009
       434,3.810954309E-001,1.946106260E+000,1.823582352E-008
       435,3.831262176E-001,1.864777872E+000,2.969382251E-007
       436,3.873750140E-001,1.786272602E+000,1.492384908E-004
       437,3.927703443E-001,1.710969410E+000,5.724150687E-002
       438,3.970979807E-001,1.640107666E+000,1.297064424E-001
       439,3.976089334E-001,1.575100621E+000,1.430961341E-001
       440,4.493197533E-001,1.499636728E+000,1.226293743E-001
       441,4.647419617E-001,1.567344184E+000,1.392814219E-001
       442,4.223072676E-001,1.435140428E+000,1.011674628E-001
       443,3.871803627E-001,1.369336740E+000,7.409719378E-002
       444,3.474214742E-001,1.297449045E+000,4.273074865E-002
       445,3.082031595E-001,1.213640141E+000,1.282348577E-002
       446,2.871810761E-001,1.118925672E+000,3.211449948E-004
       447,2.768206394E-001,1.027048905E+000,5.461187129E-007
       448,2.737590934E-001,9.367464923E-001,1.882203504E-009
       449,2.744436692E-001,8.457789070E-001,9.026101394E-011
       450,2.766607356E-001,7.535570428E-001,9.884365028E-012
       451,2.794612963E-001,6.604288295E-001,1.180280049E-012
       452,2.826227180E-001,5.667629821E-001,1.668419092E-013
       453,2.859902498E-001,4.727786275E-001,1.754321277E-014
       454,2.893683715E-001,3.785388669E-001,1.183026989E-015
       455,2.925078630E-001,2.840918062E-001,4.748460747E-017
       456,3.700415317E+000,2.700552786E+000,2.087444955E-007
       457,3.600476579E+000,2.700593218E+000,3.735123073E-007
       458,3.500488474E+000,2.700608294E+000,6.509891932E-007
       459,3.400465070E+000,2.700615968E+000,1.099356268E-006
       460,3.300437622E+000,2.700614635E+000,1.789542239E-006
       461,3.200422333E+000,2.700584284E+000,2.794217835E-006
       462,3.100408116E+000,2.700507705E+000,4.164282927E-006
       463,3.000378169E+000,2.700397403E+000,5.888193755E-006
       464,2.900328016E+000,2.700280835E+000,7.841613296E-006
       465,2.800264944E+000,2.700180967E+000,9.755721294E-006
       466,2.700199274E+000,2.700107674E+000,1.124288428E-005
       467,2.600137715E+000,2.700060250E+000,1.190091643E-005
       468,2.500080687E+000,2.700033583E+000,1.147451621E-005
       469,2.400021775E+000,2.700022847E+000,9.997473171E-006
       470,2.299947591E+000,2.700025071E+000,7.817702681E-006
       471,2.199837128E+000,2.700038930E+000,5.461442925E-006
       472,2.099661675E+000,2.700066484E+000,3.406293217E-006
       473,1.999388936E+000,2.700120553E+000,1.910344281E-006
       474,1.898996356E+000,2.700239379E+000,9.801306078E-007
       475,1.798496385E+000,2.700503060E+000,4.619534479E-007
       476,1.697968438E+000,2.701033020E+000,1.928638369E-007
       477,1.597583928E+000,2.701939893E+000,6.785228379E-008
       478,1.497586374E+000,2.703190366E+000,1.910277447E-008
       479,1.398144354E+000,2.704466346E+000,4.161159417E-009
       480,1.299159966E+000,2.705269023E+000,7.208156849E-010
       481,1.200286711E+000,2.705295141E+000,1.112407319E-010
       482,1.101132423E+000,2.704638591E+000,1.748008335E-011
       483,1.001445668E+000,2.703542123E+000,2.971453378E-012
       484,9.012237427E-001,2.702220874E+000,5.229653516E-013
       485,8.006269442E-001,2.700976130E+000,8.795002622E-014
       486,6.997999774E-001,2.699961925E+000,1.339124785E-014
       487,5.989356032E-001,2.699362399E+000,1.758249075E-015
       488,4.982645752E-001,2.699145901E+000,1.939690626E-016
       489,3.700415468E+000,2.992880899E-001,2.635051111E-008
       490,3.700385585E+000,3.993076003E-001,2.292788821E-007
       491,3.700322199E+000,4.994604667E-001,1.461187367E-006
       492,3.700261364E+000,5.997498123E-001,7.103729786E-006
       493,3.700238358E+000,7.002012787E-001,2.722946556E-005
       494,3.700312427E+000,8.008381655E-001,8.483183774E-005
       495,3.700598894E+000,9.016520292E-001,2.212857216E-004
       496,3.701274089E+000,1.002554849E+000,4.971465096E-004
       497,3.702517104E+000,1.103321633E+000,9.855797980E-004
       498,3.704327391E+000,1.203601578E+000,1.755654579E-003
       499,3.706318877E+000,1.303111245E+000,2.844844013E-003
       500,3.707829246E+000,1.401876097E+000,4.244997166E-003
       501,3.708344387E+000,1.500245406E+000,6.110517308E-003
       502,3.707784876E+000,1.598686607E+000,6.238357630E-003
       503,3.706460653E+000,1.697564242E+000,4.498816095E-003
       504,3.704839416E+000,1.797028803E+000,3.078296315E-003
       505,3.703318488E+000,1.897031855E+000,1.935931854E-003
       506,3.702116231E+000,1.997416145E+000,1.106092357E-003
       507,3.701285934E+000,2.098009809E+000,5.645185593E-004
       508,3.700783340E+000,2.198678746E+000,2.518561087E-004
       509,3.700533478E+000,2.299325106E+000,9.566426161E-005
       510,3.700447986E+000,2.399873809E+000,3.002143239E-005
       511,3.700439668E+000,2.500262037E+000,7.535107216E-006
       512,3.700432483E+000,2.600457303E+000,1.459716259E-006
       513,3.915787197E-001,2.851949016E-001,3.565297730E-016
       514,4.914199435E-001,2.862323686E-001,2.724017936E-015
       515,5.916253743E-001,2.873047153E-001,2.273027822E-014
       516,6.919222226E-001,2.886349581E-001,1.554314538E-013
       517,7.923114341E-001,2.902865242E-001,8.155179548E-013
       518,8.928724006E-001,2.921572564E-001,3.279808933E-012
       519,9.936377030E-001,2.940454974E-001,1.098108670E-011
       520,1.094570685E+000,2.957237441E-001,3.361586703E-011
       521,1.195569828E+000,2.970755729E-001,9.836224890E-011
       522,1.296531950E+000,2.980772816E-001,2.820697564E-010
       523,1.397383669E+000,2.987707665E-001,7.990669793E-010
       524,1.498089148E+000,2.992274794E-001,2.217426687E-009
       525,1.598643361E+000,2.995189139E-001,5.945246961E-009
       526,1.699060423E+000,2.997020979E-001,1.521595827E-008
       527,1.799363376E+000,2.998170369E-001,3.685470773E-008
       528,1.899577322E+000,2.998894763E-001,8.357338288E-008
       529,1.999725338E+000,2.999350582E-001,1.723075940E-007
       530,2.099826851E+000,2.999632528E-001,3.171538197E-007
       531,2.199898016E+000,2.999800257E-001,5.190121328E-007
       532,2.299953043E+000,2.999889143E-001,7.559611390E-007
       533,2.400005446E+000,2.999905391E-001,9.834047887E-007
       534,2.500068216E+000,2.999804743E-001,1.148151796E-006
       535,2.600151610E+000,2.999462772E-001,1.210371238E-006
       536,2.700257546E+000,2.998675224E-001,1.160650754E-006
       537,2.800372814E+000,2.997250623E-001,1.021852540E-006
       538,2.900467764E+000,2.995225984E-001,8.352678833E-007
       539,3.000513086E+000,2.993052277E-001,6.406443163E-007
       540,3.100511994E+000,2.991495939E-001,4.644964804E-007
       541,3.200499655E+000,2.990734741E-001,3.197466754E-007
       542,3.300504522E+000,2.990602438E-001,2.096494995E-007
       543,3.400515591E+000,2.990792930E-001,1.315147387E-007
       544,3.500508245E+000,2.991263851E-001,7.933962820E-008
       545,3.600463458E+000,2.992090402E-001,4.631412764E-008
       546,4.721126766E-001,1.638865488E+000,1.285845637E-001
       547,5.395605769E-001,1.554011448E+000,1.345509440E-001
       548,5.526039781E-001,1.631645242E+000,1.285946518E-001
       549,5.197386622E-001,1.479332980E+000,1.145564839E-001
       550,4.929680709E-001,1.407345018E+000,8.983680606E-002
       551,4.615623514E-001,1.335502731E+000,6.165987626E-002
       552,4.285711989E-001,1.261045058E+000,3.254102170E-002
       553,3.982866014E-001,1.182021673E+000,9.266111068E-003
       554,3.762138811E-001,1.099711657E+000,2.607184870E-004
       555,3.632779500E-001,1.017795876E+000,6.822806426E-007
       556,3.614107053E-001,9.343688969E-001,4.199914194E-009
       557,3.645882174E-001,8.470983668E-001,4.088989147E-010
       558,3.693459646E-001,7.564559599E-001,6.026153881E-011
       559,3.743481948E-001,6.636497735E-001,1.027869716E-011
       560,3.792017318E-001,5.696545519E-001,1.541510192E-012
       561,3.837936247E-001,4.750491151E-001,1.604334206E-013
       562,3.879999454E-001,3.801573134E-001,1.025593761E-014
       563,3.600443855E+000,3.992170555E-001,4.037443659E-007
       564,3.600383937E+000,4.994048493E-001,2.570871402E-006
       565,3.600329802E+000,5.998070159E-001,1.245102703E-005
       566,3.600328779E+000,7.004525266E-001,4.740247459E-005
       567,3.600464070E+000,8.013488723E-001,1.462920918E-004
       568,3.600879198E+000,9.024346202E-001,3.772987402E-004
       569,3.601782637E+000,1.003546964E+000,8.370868745E-004
       570,3.603364102E+000,1.104383079E+000,1.637877896E-003
       571,3.605570794E+000,1.204558048E+000,2.879918553E-003
       572,3.607914873E+000,1.303816878E+000,4.612032790E-003
       573,3.609651878E+000,1.402239616E+000,6.818059832E-003
       574,3.610229775E+000,1.500228342E+000,9.762127884E-003
       575,3.609569803E+000,1.598304294E+000,9.979365394E-003
       576,3.608017205E+000,1.696886002E+000,7.244842127E-003
       577,3.606096786E+000,1.796167262E+000,5.000129808E-003
       578,3.604264914E+000,1.896120537E+000,3.180414205E-003
       579,3.602784145E+000,1.996583070E+000,1.840384910E-003
       580,3.601731078E+000,2.097353749E+000,9.520809981E-004
       581,3.601078781E+000,2.198239494E+000,4.305909970E-004
       582,3.600737330E+000,2.299088742E+000,1.656847744E-004
       583,3.600593147E+000,2.399780757E+000,5.259639147E-005
       584,3.600542146E+000,2.500250532E+000,1.332694865E-005
       585,3.600506743E+000,2.600489484E+000,2.599806066E-006
       586,3.500534897E+000,2.600538816E+000,4.514236025E-006
       587,3.400533554E+000,2.600582977E+000,7.601418019E-006
       588,3.300535705E+000,2.600620613E+000,1.235345553E-005
       589,3.200548171E+000,2.600617815E+000,1.929360405E-005
       590,3.100552271E+000,2.600559104E+000,2.882775334E-005
       591,3.000528326E+000,2.600453100E+000,4.098567661E-005
       592,2.900471272E+000,2.600332603E+000,5.509212133E-005
       593,2.800390330E+000,2.600223900E+000,6.952034164E-005
       594,2.700298454E+000,2.600140165E+000,8.174273535E-005
       595,2.600203842E+000,2.600084543E+000,8.885974967E-005
       596,2.500106214E+000,2.600055832E+000,8.857939247E-005
       597,2.399996451E+000,2.600052550E+000,8.030337631E-005
       598,2.299857398E+000,2.600073215E+000,6.569868128E-005
       599,2.199663995E+000,2.600115406E+000,4.822036499E-005
       600,2.099384481E+000,2.600179319E+000,3.168339390E-005
       601,1.998988013E+000,2.600279439E+000,1.876868737E-005
       602,1.898463597E+000,2.600463449E+000,1.018163584E-005
       603,1.797849693E+000,2.600829368E+000,5.055750080E-006
       604,1.697263946E+000,2.601517391E+000,2.229674692E-006
       605,1.596913986E+000,2.602636000E+000,8.431318861E-007
       606,1.497041903E+000,2.604105675E+000,2.651990201E-007
       607,1.397761902E+000,2.605540065E+000,6.873526104E-008
       608,1.298908972E+000,2.606417617E+000,1.511823200E-008
       609,1.200038888E+000,2.606471185E+000,3.009854588E-009
       610,1.100722008E+000,2.605683678E+000,5.777360257E-010
       611,1.000783160E+000,2.604238128E+000,1.087834614E-010
       612,9.003017814E-001,2.602631434E+000,1.934709337E-011
       613,7.994717166E-001,2.601053837E+000,3.121890984E-012
       614,6.984415201E-001,2.599888968E+000,4.426604211E-013
       615,5.974892103E-001,2.599130473E+000,5.482626750E-014
       616,4.968448438E-001,2.598833272E+000,5.903705293E-015
       617,4.873594380E-001,3.818559458E-001,8.464962672E-014
       618,5.873412594E-001,3.837337068E-001,6.430087582E-013
       619,6.877003496E-001,3.858429683E-001,3.497555977E-012
       620,7.883545030E-001,3.881039230E-001,1.390262211E-011
       621,8.893104283E-001,3.904672470E-001,4.773145768E-011
       622,9.905527103E-001,3.926624725E-001,1.506717945E-010
       623,1.091996929E+000,3.945907660E-001,4.541823306E-010
       624,1.193487100E+000,3.961682561E-001,1.361340374E-009
       625,1.294885667E+000,3.973682199E-001,4.109768081E-009
       626,1.396106063E+000,3.982283732E-001,1.224056412E-008
       627,1.497112773E+000,3.988199309E-001,3.490466938E-008
       628,1.597907450E+000,3.992177760E-001,9.334362971E-008
       629,1.698513170E+000,3.994839223E-001,2.319120398E-007
       630,1.798962351E+000,3.996630625E-001,5.344862188E-007
       631,1.899288853E+000,3.997844786E-001,1.142033284E-006
       632,1.999523441E+000,3.998664109E-001,2.218669124E-006
       633,2.099692547E+000,3.999204764E-001,3.856447620E-006
       634,2.199819246E+000,3.999544480E-001,5.975688964E-006
       635,2.299924722E+000,3.999729627E-001,8.272061677E-006
       636,2.400028832E+000,3.999761594E-001,1.027467533E-005
       637,2.500148414E+000,3.999565133E-001,1.151801644E-005
       638,2.600292213E+000,3.998959761E-001,1.173502824E-005
       639,2.700453100E+000,3.997689322E-001,1.095631706E-005
       640,2.800600951E+000,3.995601602E-001,9.462406524E-006
       641,2.900690382E+000,3.992976798E-001,7.631041626E-006
       642,3.000695776E+000,3.990761911E-001,5.792787306E-006
       643,3.100640766E+000,3.989573357E-001,4.162784535E-006
       644,3.200579577E+000,3.989550377E-001,2.842421509E-006
       645,3.300539840E+000,3.990142588E-001,1.850879812E-006
       646,3.400513146E+000,3.990917580E-001,1.154192887E-006
       647,3.500476470E+000,3.991715169E-001,6.932246492E-007
       648,4.948028977E-001,2.499048866E+000,1.343186223E-013
       649,4.919167105E-001,2.400908831E+000,2.402819480E-012
       650,4.883427382E-001,2.305126064E+000,3.490183142E-011
       651,4.844588315E-001,2.212211763E+000,4.155185640E-010
       652,4.808359199E-001,2.122476153E+000,4.001819320E-009
       653,4.779317122E-001,2.035919122E+000,2.970906010E-008
       654,4.760390607E-001,1.952219605E+000,1.629018698E-007
       655,4.753227902E-001,1.870699889E+000,3.171785238E-006
       656,4.753622213E-001,1.791026703E+000,2.761491109E-003
       657,4.749707138E-001,1.713340240E+000,5.955075100E-002
       658,5.603800603E-001,1.710453598E+000,6.741914153E-002
       659,6.369669128E-001,1.619575243E+000,1.284908503E-001
       660,6.488820107E-001,1.703163104E+000,7.758756727E-002
       661,6.199844122E-001,1.537592458E+000,1.294095963E-001
       662,5.976137048E-001,1.458436107E+000,1.070973724E-001
       663,5.706621824E-001,1.381604337E+000,8.048933744E-002
       664,5.411265051E-001,1.306054719E+000,5.206248537E-002
       665,5.111839277E-001,1.230286722E+000,2.535283379E-002
       666,4.828119904E-001,1.154038719E+000,6.609183270E-003
       667,4.581830054E-001,1.079351737E+000,1.792398252E-004
       668,4.403502601E-001,1.008946706E+000,8.017436812E-007
       669,4.449216954E-001,9.345308792E-001,1.099683455E-008
       670,4.538557695E-001,8.507884445E-001,2.678182121E-009
       671,4.626310304E-001,7.609599868E-001,6.328326752E-010
       672,4.703002289E-001,6.678186220E-001,1.097409941E-010
       673,4.768985465E-001,5.730677084E-001,1.434490460E-011
       674,4.825654913E-001,4.775900603E-001,1.364109346E-012
       675,3.500429365E+000,4.993855967E-001,4.412956514E-006
       676,3.500391778E+000,5.998835588E-001,2.129977111E-005
       677,3.500425144E+000,7.007126379E-001,8.054540376E-005
       678,3.500628679E+000,8.018427337E-001,2.461358381E-004
       679,3.501175164E+000,9.031613092E-001,6.270632148E-004
       680,3.502290759E+000,1.004427745E+000,1.372227445E-003
       681,3.504153646E+000,1.105284356E+000,2.646642039E-003
       682,3.506651156E+000,1.205341934E+000,4.588142037E-003
       683,3.509230141E+000,1.304382151E+000,7.252363488E-003
       684,3.511113608E+000,1.402524239E+000,1.060282439E-002
       685,3.511737999E+000,1.500201668E+000,1.505126245E-002
       686,3.511022393E+000,1.597972439E+000,1.540466305E-002
       687,3.509324960E+000,1.696299365E+000,1.129188109E-002
       688,3.507197697E+000,1.795417657E+000,7.874981500E-003
       689,3.505126033E+000,1.895326811E+000,5.073801149E-003
       690,3.503398870E+000,1.995870231E+000,2.977634547E-003
       691,3.502144645E+000,2.096801890E+000,1.563158119E-003
       692,3.501350083E+000,2.197885791E+000,7.172756596E-004
       693,3.500911773E+000,2.298901950E+000,2.797571069E-004
       694,3.500698056E+000,2.399704450E+000,8.986906323E-005
       695,3.500591512E+000,2.500229411E+000,2.298809159E-005
       696,3.400609629E+000,2.500279487E+000,3.849626955E-005
       697,3.300633256E+000,2.500337762E+000,6.230830331E-005
       698,3.200663253E+000,2.500377232E+000,9.708287689E-005
       699,3.100679553E+000,2.500364913E+000,1.450130512E-004
       700,3.000658564E+000,2.500315230E+000,2.066598536E-004
       701,2.900595207E+000,2.500246114E+000,2.794633619E-004
       702,2.800497277E+000,2.500179037E+000,3.564923827E-004
       703,2.700376876E+000,2.500125025E+000,4.262819712E-004
       704,2.600240847E+000,2.500091436E+000,4.745564947E-004
       705,2.500087010E+000,2.500086203E+000,4.881387867E-004
       706,2.399905370E+000,2.500116708E+000,4.601578694E-004
       707,2.299679663E+000,2.500185259E+000,3.942703479E-004
       708,2.199386618E+000,2.500287279E+000,3.048793587E-004
       709,2.098997276E+000,2.500418803E+000,2.120114950E-004
       710,1.998487772E+000,2.500593917E+000,1.335078559E-004
       711,1.897862769E+000,2.500867092E+000,7.720346184E-005
       712,1.797185605E+000,2.501347512E+000,4.087647540E-005
       713,1.696599255E+000,2.502178367E+000,1.938514288E-005
       714,1.596310975E+000,2.503445439E+000,8.055354556E-006
       715,1.496511470E+000,2.505023575E+000,2.890875749E-006
       716,1.397221101E+000,2.506507039E+000,8.961719686E-007
       717,1.298126206E+000,2.507432661E+000,2.440788478E-007
       718,1.198832633E+000,2.507510879E+000,5.980761841E-008
       719,1.099043432E+000,2.506640012E+000,1.341963785E-008
       720,9.987042814E-001,2.505233148E+000,2.738518079E-009
       721,8.979979220E-001,2.503541405E+000,4.950916344E-010
       722,7.970279041E-001,2.502029223E+000,7.748066772E-011
       723,6.959916854E-001,2.500813962E+000,1.045504135E-011
       724,5.951535193E-001,2.499932014E+000,1.250497535E-012
       725,5.821007845E-001,4.804984242E-001,1.142551678E-011
       726,6.823766207E-001,4.835196073E-001,5.166958181E-011
       727,7.832830625E-001,4.864939752E-001,1.809942751E-010
       728,8.847181273E-001,4.890803415E-001,5.730673158E-010
       729,9.865858259E-001,4.913835304E-001,1.707549990E-009
       730,1.088692515E+000,4.934059466E-001,5.053104157E-009
       731,1.190810860E+000,4.951187272E-001,1.555967089E-008
       732,1.292766608E+000,4.964857628E-001,4.915012752E-008
       733,1.394454749E+000,4.975129374E-001,1.507463310E-007
       734,1.495839571E+000,4.982557056E-001,4.295931717E-007
       735,1.596933604E+000,4.987834422E-001,1.116607109E-006
       736,1.697774282E+000,4.991576291E-001,2.642065738E-006
       737,1.798407745E+000,4.994245854E-001,5.716334726E-006
       738,1.898879412E+000,4.996158142E-001,1.138038442E-005
       739,1.999229664E+000,4.997517617E-001,2.067181049E-005
       740,2.099493443E+000,4.998460121E-001,3.377342364E-005
       741,2.199701539E+000,4.999078730E-001,4.939789869E-005
       742,2.299881683E+000,4.999427962E-001,6.485899939E-005
       743,2.400057741E+000,4.999503894E-001,7.686007302E-005
       744,2.500245790E+000,4.999209513E-001,8.277993766E-005
       745,2.600447575E+000,4.998341950E-001,8.168782369E-005
       746,2.700642640E+000,4.996686296E-001,7.448552788E-005
       747,2.800789031E+000,4.994365400E-001,6.325024151E-005
       748,2.900845281E+000,4.992175512E-001,5.037091978E-005
       749,3.000805378E+000,4.990824291E-001,3.784814180E-005
       750,3.100712159E+000,4.990825043E-001,2.695811600E-005
       751,3.200616247E+000,4.991742571E-001,1.827393862E-005
       752,3.300541771E+000,4.992926825E-001,1.183207769E-005
       753,3.400480222E+000,4.993837371E-001,7.353276033E-006
       754,5.920437914E-001,2.402158251E+000,2.262688301E-011
       755,5.880875699E-001,2.307030912E+000,3.253238512E-010
       756,5.836352786E-001,2.214977188E+000,3.688181538E-009
       757,5.792364601E-001,2.125956288E+000,3.314696784E-008
       758,5.752280663E-001,2.039664998E+000,2.281815199E-007
       759,5.717299885E-001,1.955342293E+000,1.143518489E-006
       760,5.686036130E-001,1.872514123E+000,1.504102875E-005
       761,5.652159254E-001,1.790571022E+000,9.746096097E-003
       762,6.567486923E-001,1.786687056E+000,1.931394823E-002
       763,7.389367907E-001,1.691782632E+000,8.694452792E-002
       764,7.497080361E-001,1.779343738E+000,3.001868725E-002
       765,7.240660571E-001,1.604907474E+000,1.277355701E-001
       766,7.044695678E-001,1.519917308E+000,1.242014021E-001
       767,6.804592095E-001,1.437487702E+000,1.001940146E-001
       768,6.534224204E-001,1.357523416E+000,7.247748971E-002
       769,6.250620927E-001,1.279171790E+000,4.424277693E-002
       770,5.963488369E-001,1.201239925E+000,1.984608732E-002
       771,5.668911169E-001,1.124100832E+000,4.793352913E-003
       772,5.348940952E-001,1.052713169E+000,1.125067720E-004
       773,4.993076819E-001,1.002383466E+000,8.734522794E-007
       774,5.257497694E-001,9.431393563E-001,3.074534050E-007
       775,5.447173003E-001,8.594994798E-001,1.056033341E-007
       776,5.579341436E-001,7.676077030E-001,2.144243716E-008
       777,5.678244576E-001,6.729343771E-001,2.130853272E-009
       778,5.756682011E-001,5.770016568E-001,1.517468234E-010
       779,3.400467202E+000,5.999479345E-001,3.540074613E-005
       780,3.400534518E+000,7.009095026E-001,1.330124942E-004
       781,3.400805774E+000,8.022327977E-001,4.024467780E-004
       782,3.401472432E+000,9.037390099E-001,1.012254390E-003
       783,3.402781742E+000,1.005138189E+000,2.182963304E-003
       784,3.404883966E+000,1.106022521E+000,4.145572893E-003
       785,3.407615537E+000,1.205998455E+000,7.075613365E-003
       786,3.410379473E+000,1.304865197E+000,1.101906691E-002
       787,3.412382381E+000,1.402763596E+000,1.589258760E-002
       788,3.413053131E+000,1.500161160E+000,2.227757499E-002
       789,3.412306418E+000,1.597663302E+000,2.282485738E-002
       790,3.410505089E+000,1.695778908E+000,1.695416495E-002
       791,3.408203765E+000,1.794778996E+000,1.197742112E-002
       792,3.405893121E+000,1.894688725E+000,7.832361385E-003
       793,3.403939189E+000,1.995322746E+000,4.669300281E-003
       794,3.402506340E+000,2.096415608E+000,2.490349812E-003
       795,3.401584832E+000,2.197657048E+000,1.160299289E-003
       796,3.401055747E+000,2.298792615E+000,4.589163582E-004
       797,3.400772500E+000,2.399661857E+000,1.491670700E-004
       798,3.300801822E+000,2.399702738E+000,2.395914926E-004
       799,3.200831211E+000,2.399756582E+000,3.710538731E-004
       800,3.100836498E+000,2.399813502E+000,5.519206170E-004
       801,3.000799137E+000,2.399860893E+000,7.851211121E-004
       802,2.900709629E+000,2.399910157E+000,1.063313801E-003
       803,2.800577208E+000,2.399955136E+000,1.364579191E-003
       804,2.700410221E+000,2.399998818E+000,1.651091035E-003
       805,2.600211704E+000,2.400048691E+000,1.873165835E-003
       806,2.499977746E+000,2.400122402E+000,1.979904715E-003
       807,2.399700914E+000,2.400239340E+000,1.935441047E-003
       808,2.299370970E+000,2.400407058E+000,1.735789701E-003
       809,2.198971136E+000,2.400618214E+000,1.417294377E-003
       810,2.098478809E+000,2.400863814E+000,1.048504142E-003
       811,1.997879222E+000,2.401156978E+000,7.070133579E-004
       812,1.897190470E+000,2.401556249E+000,4.395513679E-004
       813,1.796487728E+000,2.402173232E+000,2.509926271E-004
       814,1.695901406E+000,2.403137525E+000,1.298242278E-004
       815,1.595585490E+000,2.404495090E+000,6.011245932E-005
       816,1.495617162E+000,2.406085849E+000,2.472026608E-005
       817,1.395854907E+000,2.407535420E+000,9.005932952E-006
       818,1.296065554E+000,2.408532103E+000,2.907420821E-006
       819,1.196013066E+000,2.408770507E+000,8.313339777E-007
       820,1.095611004E+000,2.408258493E+000,2.097329030E-007
       821,9.949599807E-001,2.407231130E+000,4.603178638E-008
       822,8.941264795E-001,2.406054355E+000,8.622459191E-009
       823,7.932383729E-001,2.404916431E+000,1.362092883E-009
       824,6.924434958E-001,2.403807585E+000,1.848475956E-010
       825,6.756757024E-001,5.812065495E-001,5.971696471E-010
       826,7.768701914E-001,5.846208889E-001,1.875497535E-009
       827,8.789082934E-001,5.872736859E-001,5.540920167E-009
       828,9.814973399E-001,5.895179397E-001,1.578373343E-008
       829,1.084353562E+000,5.915944441E-001,4.659359121E-008
       830,1.187236285E+000,5.935180537E-001,1.489923562E-007
       831,1.289908631E+000,5.951631206E-001,4.887349974E-007
       832,1.392217357E+000,5.964619440E-001,1.509609660E-006
       833,1.494110771E+000,5.974403025E-001,4.193689620E-006
       834,1.595608570E+000,5.981617022E-001,1.037689162E-005
       835,1.696765196E+000,5.986908766E-001,2.300896267E-005
       836,1.797645264E+000,5.990802095E-001,4.619208266E-005
       837,1.898310789E+000,5.993674126E-001,8.490312757E-005
       838,1.998816375E+000,5.995781110E-001,1.431515702E-004
       839,2.099208779E+000,5.997293419E-001,2.187271166E-004
       840,2.199527769E+000,5.998321470E-001,3.009410866E-004
       841,2.299806268E+000,5.998923346E-001,3.741099790E-004
       842,2.400067922E+000,5.999089163E-001,4.230058694E-004
       843,2.500322345E+000,5.998728220E-001,4.386396613E-004
       844,2.600559897E+000,5.997717698E-001,4.206625745E-004
       845,2.700754063E+000,5.996291034E-001,3.756844962E-004
       846,2.800872681E+000,5.995154709E-001,3.142142377E-004
       847,2.900897726E+000,5.994689199E-001,2.474076464E-004
       848,3.000846470E+000,5.995356062E-001,1.842764032E-004
       849,3.100752881E+000,5.996825017E-001,1.304100297E-004
       850,3.200653766E+000,5.998549175E-001,8.802113734E-005
       851,3.300561076E+000,5.999798403E-001,5.689887257E-005
       852,6.626087982E-001,1.870607421E+000,8.063517162E-004
       853,7.573250056E-001,1.865946140E+000,3.573196474E-003
       854,8.431920659E-001,1.768592592E+000,4.054485634E-002
       855,8.527694534E-001,1.858690981E+000,8.099589497E-003
       856,8.303537571E-001,1.678406001E+000,9.411750734E-002
       857,8.133360819E-001,1.589038395E+000,1.263560355E-001
       858,7.919269313E-001,1.502011777E+000,1.191462427E-001
       859,7.670307856E-001,1.417376918E+000,9.392926842E-002
       860,7.402707660E-001,1.335412233E+000,6.566470861E-002
       861,7.133331719E-001,1.254730328E+000,3.807058930E-002
       862,6.867401335E-001,1.173066833E+000,1.591087505E-002
       863,6.588886365E-001,1.086924055E+000,3.650796367E-003
       864,6.214421636E-001,9.865507840E-001,5.945992598E-005
       865,6.444440195E-001,8.746585305E-001,3.760514744E-007
       866,6.577197144E-001,7.752320174E-001,7.346495323E-008
       867,6.676033327E-001,6.780958368E-001,7.521421708E-009
       868,6.881441742E-001,2.308954454E+000,2.547296818E-009
       869,6.830811214E-001,2.217138442E+000,2.724204329E-008
       870,6.778304623E-001,2.128126324E+000,2.255389973E-007
       871,6.727057237E-001,2.041069000E+000,1.403562237E-006
       872,6.677142549E-001,1.955156291E+000,6.931451026E-006
       873,3.300659608E+000,7.010183498E-001,2.126194304E-004
       874,3.300978412E+000,8.024634263E-001,6.371548516E-004
       875,3.301747813E+000,9.041335527E-001,1.582095283E-003
       876,3.303218717E+000,1.005668358E+000,3.360279137E-003
       877,3.305541729E+000,1.106629174E+000,6.275916472E-003
       878,3.308504117E+000,1.206575702E+000,1.052738633E-002
       879,3.311473415E+000,1.305294059E+000,1.611370966E-002
       880,3.313621545E+000,1.402950670E+000,2.285893448E-002
       881,3.314352230E+000,1.500075352E+000,3.150303662E-002
       882,3.313573349E+000,1.597336973E+000,3.230708465E-002
       883,3.311636315E+000,1.695297845E+000,2.441350743E-002
       884,3.309087284E+000,1.794255293E+000,1.752441563E-002
       885,3.306524837E+000,1.894214002E+000,1.165960263E-002
       886,3.304365110E+000,1.994977041E+000,7.074065972E-003
       887,3.302789626E+000,2.096205244E+000,3.837901168E-003
       888,3.301769029E+000,2.197550477E+000,1.816996606E-003
       889,3.301167835E+000,2.298737142E+000,7.288773195E-004
       890,3.201178432E+000,2.298764407E+000,1.117182197E-003
       891,3.101148166E+000,2.298857213E+000,1.647113124E-003
       892,3.001051741E+000,2.299018947E+000,2.327276859E-003
       893,2.900892853E+000,2.299219898E+000,3.139312146E-003
       894,2.800675270E+000,2.299446622E+000,4.027991090E-003
       895,2.700411426E+000,2.299671983E+000,4.897774663E-003
       896,2.600101600E+000,2.299898834E+000,5.621143617E-003
       897,2.499744635E+000,2.300146887E+000,6.061119493E-003
       898,2.399341688E+000,2.300440442E+000,6.105700042E-003
       899,2.298892044E+000,2.300787791E+000,5.707879085E-003
       900,2.198385417E+000,2.301177271E+000,4.916578997E-003
       901,2.097803433E+000,2.301596652E+000,3.880152246E-003
       902,1.997135605E+000,2.302061106E+000,2.813876607E-003
       903,1.896399749E+000,2.302633728E+000,1.889511012E-003
       904,1.795643253E+000,2.303421741E+000,1.171996002E-003
       905,1.694928728E+000,2.304510471E+000,6.656649639E-004
       906,1.594303166E+000,2.305896988E+000,3.433710954E-004
       907,1.493711123E+000,2.307402114E+000,1.596452494E-004
       908,1.393040730E+000,2.308852656E+000,6.635598402E-005
       909,1.292204937E+000,2.310050009E+000,2.442003461E-005
       910,1.191248142E+000,2.310775452E+000,7.873833965E-006
       911,1.090318126E+000,2.311075222E+000,2.200797326E-006
       912,9.894757006E-001,2.311092542E+000,5.252391588E-007
       913,8.887742720E-001,2.310943868E+000,1.053642080E-007
       914,7.882481099E-001,2.310507545E+000,1.764814073E-008
       915,7.694020267E-001,6.818114947E-001,1.971334207E-008
       916,8.722025622E-001,6.841884914E-001,4.986110369E-008
       917,9.754625443E-001,6.861997090E-001,1.276776231E-007
       918,1.079006596E+000,6.884111419E-001,3.644012168E-007
       919,1.182666272E+000,6.907924976E-001,1.193306161E-006
       920,1.286140153E+000,6.929960559E-001,3.993543032E-006
       921,1.389203210E+000,6.948253847E-001,1.215938119E-005
       922,1.491754849E+000,6.962362168E-001,3.230481161E-005
       923,1.593796666E+000,6.972839184E-001,7.496168109E-005
       924,1.695387215E+000,6.980512329E-001,1.540828525E-004
       925,1.796606646E+000,6.986135110E-001,2.851181489E-004
       926,1.897536545E+000,6.990284067E-001,4.816231085E-004
       927,1.998251006E+000,6.993359511E-001,7.485530805E-004
       928,2.098813407E+000,6.995614575E-001,1.062737196E-003
       929,2.199274833E+000,6.997189583E-001,1.370451413E-003
       930,2.299671717E+000,6.998137119E-001,1.611882355E-003
       931,2.400022337E+000,6.998452437E-001,1.742847962E-003
       932,2.500325671E+000,6.998168916E-001,1.747131697E-003
       933,2.600571094E+000,6.997866460E-001,1.634893822E-003
       934,2.700751679E+000,6.998570453E-001,1.434848295E-003
       935,2.800860697E+000,7.000215533E-001,1.185690169E-003
       936,2.900912658E+000,7.002793797E-001,9.261739906E-004
       937,3.000909224E+000,7.005662431E-001,6.866582553E-004
       938,3.100864539E+000,7.008379500E-001,4.850569530E-004
       939,3.200786186E+000,7.010293287E-001,3.277154465E-004
       940,7.826100235E-001,2.218356400E+000,1.728385399E-007
       941,7.764948166E-001,2.128500052E+000,1.292693469E-006
       942,7.702663821E-001,2.040112436E+000,7.168593129E-006
       943,7.639044373E-001,1.952479955E+000,1.008144973E-004
       944,8.606073947E-001,1.947560608E+000,5.326582468E-004
       945,9.493398842E-001,1.849186258E+000,1.325285900E-002
       946,9.583801970E-001,1.941011676E+000,1.429973869E-003
       947,9.382276554E-001,1.756722619E+000,4.976139590E-002
       948,9.236436965E-001,1.664280644E+000,9.929054976E-002
       949,9.047517022E-001,1.573291461E+000,1.245299727E-001
       950,8.819375334E-001,1.484520240E+000,1.142882854E-001
       951,8.564668877E-001,1.398750547E+000,8.822116256E-002
       952,8.298905744E-001,1.315717558E+000,5.982086435E-002
       953,8.044366457E-001,1.234346923E+000,3.336903453E-002
       954,7.824780058E-001,1.152037078E+000,1.335202064E-002
       955,7.640532225E-001,1.065842194E+000,2.906984650E-003
       956,7.512281937E-001,9.728127613E-001,7.198069943E-005
       957,7.545212296E-001,8.750957828E-001,9.048751508E-007
       958,7.617290688E-001,7.781498906E-001,1.750935184E-007
       959,3.201131743E+000,8.025464370E-001,9.736708598E-004
       960,3.201952480E+000,9.043326203E-001,2.387391403E-003
       961,3.203552882E+000,1.006030045E+000,4.992001224E-003
       962,3.206073979E+000,1.107099206E+000,9.157186374E-003
       963,3.209311027E+000,1.207046485E+000,1.506329328E-002
       964,3.212555993E+000,1.305627125E+000,2.259881794E-002
       965,3.214899682E+000,1.403046295E+000,3.143759817E-002
       966,3.215672114E+000,1.499914873E+000,4.242964461E-002
       967,3.214796927E+000,1.596987992E+000,4.354972392E-002
       968,3.212588843E+000,1.694869620E+000,3.360362723E-002
       969,3.209742136E+000,1.793854262E+000,2.458674274E-002
       970,3.206933207E+000,1.893932795E+000,1.668727770E-002
       971,3.204618225E+000,1.994829092E+000,1.032429095E-002
       972,3.202949772E+000,2.096152316E+000,5.705274176E-003
       973,3.201873111E+000,2.197523329E+000,2.746455371E-003
       974,3.101788552E+000,2.197590973E+000,3.995369188E-003
       975,3.001601866E+000,2.197800384E+000,5.577525590E-003
       976,2.901305146E+000,2.198144049E+000,7.448960561E-003
       977,2.800925485E+000,2.198568381E+000,9.489123709E-003
       978,2.700473159E+000,2.199054440E+000,1.150006056E-002
       979,2.599958885E+000,2.199578396E+000,1.322778966E-002
       980,2.499398084E+000,2.200134437E+000,1.440323796E-002
       981,2.398814612E+000,2.200736535E+000,1.479714084E-002
       982,2.298220109E+000,2.201376556E+000,1.428161934E-002
       983,2.197603748E+000,2.202031440E+000,1.288037561E-002
       984,2.096938951E+000,2.202690762E+000,1.079461630E-002
       985,1.996201420E+000,2.203382839E+000,8.392829448E-003
       986,1.895372367E+000,2.204184192E+000,6.073666736E-003
       987,1.794393457E+000,2.205145911E+000,4.088636488E-003
       988,1.693274251E+000,2.206319194E+000,2.542368136E-003
       989,1.591963871E+000,2.207641682E+000,1.449240139E-003
       990,1.490389961E+000,2.209095609E+000,7.501569926E-004
       991,1.388507594E+000,2.210640627E+000,3.485472989E-004
       992,1.286508969E+000,2.212255818E+000,1.434646983E-004
       993,1.184711591E+000,2.213874011E+000,5.160391447E-005
       994,1.083430817E+000,2.215494517E+000,1.602880548E-005
       995,9.826610491E-001,2.217011049E+000,4.235771030E-006
       996,8.823378077E-001,2.218282819E+000,9.373042644E-007
       997,8.656799428E-001,7.794819429E-001,3.927748082E-007
       998,9.694190948E-001,7.808410745E-001,8.990782590E-007
       999,1.073264101E+000,7.831598801E-001,2.427559593E-006
      1000,1.177348276E+000,7.863163333E-001,7.965551958E-006
      1001,1.281460601E+000,7.895430135E-001,2.654951641E-005
      1002,1.385284939E+000,7.923267637E-001,7.792599354E-005
      1003,1.488607872E+000,7.944933913E-001,1.946080156E-004
      1004,1.591346359E+000,7.960796929E-001,4.182583070E-004
      1005,1.693519975E+000,7.972101970E-001,7.903225487E-004
      1006,1.795204355E+000,7.980134083E-001,1.340172836E-003
      1007,1.896495700E+000,7.985918663E-001,2.074093325E-003
      1008,1.997490412E+000,7.990171366E-001,2.960381564E-003
      1009,2.098273377E+000,7.993322687E-001,3.889897373E-003
      1010,2.198909360E+000,7.995568294E-001,4.698059522E-003
      1011,2.299436363E+000,7.996967959E-001,5.245178472E-003
      1012,2.399869161E+000,7.997701252E-001,5.455369595E-003
      1013,2.500212543E+000,7.998702881E-001,5.321453791E-003
      1014,2.600493987E+000,8.001541505E-001,4.889236297E-003
      1015,2.700719517E+000,8.006109715E-001,4.242089577E-003
      1016,2.800927250E+000,8.011727639E-001,3.484153189E-003
      1017,2.901098699E+000,8.017148137E-001,2.716734540E-003
      1018,3.001212920E+000,8.021687573E-001,2.017631894E-003
      1019,3.101242390E+000,8.024742001E-001,1.431596349E-003
      1020,8.754376963E-001,2.127023971E+000,6.208599189E-006
      1021,8.681740183E-001,2.036791321E+000,3.512136027E-005
      1022,9.670010584E-001,2.032246139E+000,1.290293876E-004
      1023,1.058037452E+000,1.933709872E+000,2.697757911E-003
      1024,1.067036556E+000,2.027277695E+000,3.559939796E-004
      1025,1.048047322E+000,1.839532219E+000,1.829669997E-002
      1026,1.035618628E+000,1.744846537E+000,5.738344043E-002
      1027,1.019304182E+000,1.650342926E+000,1.029191613E-001
      1028,9.984508457E-001,1.557472975E+000,1.223066747E-001
      1029,9.739632751E-001,1.467836039E+000,1.094380170E-001
      1030,9.478480145E-001,1.381066337E+000,8.267299086E-002
      1031,9.204702477E-001,1.297262664E+000,5.418420210E-002
      1032,8.946606375E-001,1.217259169E+000,2.945162170E-002
      1033,8.772077732E-001,1.137163347E+000,1.163811982E-002
      1034,8.656694089E-001,1.053669896E+000,2.427358646E-003
      1035,8.599641374E-001,9.654446354E-001,7.084084791E-005
      1036,8.611446186E-001,8.732854998E-001,1.956433607E-006
      1037,3.102068515E+000,9.043448306E-001,3.468830138E-003
      1038,3.103721057E+000,1.006163985E+000,7.137669250E-003
      1039,3.106435496E+000,1.107351781E+000,1.284181699E-002
      1040,3.109960003E+000,1.207325275E+000,2.067024074E-002
      1041,3.113495017E+000,1.305791687E+000,3.032470122E-002
      1042,3.115939996E+000,1.403013602E+000,4.128146544E-002
      1043,3.116697679E+000,1.499699185E+000,5.441652611E-002
      1044,3.115604626E+000,1.596670636E+000,5.588114262E-002
      1045,3.113095652E+000,1.694552605E+000,4.413780198E-002
      1046,3.109979662E+000,1.793650074E+000,3.300169483E-002
      1047,3.107012474E+000,1.893872268E+000,2.290345728E-002
      1048,3.104626529E+000,1.994878746E+000,1.447822154E-002
      1049,3.102942889E+000,2.096225538E+000,8.159953170E-003
      1050,3.002654502E+000,2.096388231E+000,1.120086946E-002
      1051,2.902187763E+000,2.096765795E+000,1.472199336E-002
      1052,2.801560558E+000,2.097369199E+000,1.848700084E-002
      1053,2.700794000E+000,2.098166038E+000,2.214235999E-002
      1054,2.599923668E+000,2.099088910E+000,2.527241968E-002
      1055,2.499025885E+000,2.100105233E+000,2.746886574E-002
      1056,2.398168531E+000,2.101168233E+000,2.840763889E-002
      1057,2.297378207E+000,2.102226890E+000,2.791080065E-002
      1058,2.196628909E+000,2.103236616E+000,2.597867697E-002
      1059,2.095860379E+000,2.104197540E+000,2.280329168E-002
      1060,1.994998398E+000,2.105171503E+000,1.878388226E-002
      1061,1.893869286E+000,2.106183928E+000,1.450351533E-002
      1062,1.792422072E+000,2.107280583E+000,1.049345080E-002
      1063,1.690595688E+000,2.108393086E+000,7.075272035E-003
      1064,1.588350793E+000,2.109647903E+000,4.411138128E-003
      1065,1.485593793E+000,2.111075389E+000,2.517026383E-003
      1066,1.382493254E+000,2.112880388E+000,1.297698473E-003
      1067,1.279482289E+000,2.115216295E+000,5.956089008E-004
      1068,1.177036693E+000,2.118005104E+000,2.397444769E-004
      1069,1.075630484E+000,2.121172561E+000,8.353456360E-005
      1070,9.751401688E-001,2.124337463E+000,2.484381730E-005
      1071,9.647845788E-001,8.730428567E-001,4.426254236E-006
      1072,1.067900205E+000,8.752250218E-001,1.349259765E-005
      1073,1.171495140E+000,8.796516814E-001,4.760376032E-005
      1074,1.275806808E+000,8.845189075E-001,1.480412320E-004
      1075,1.380303010E+000,8.888095123E-001,3.970609396E-004
      1076,1.484487356E+000,8.921390379E-001,9.058765718E-004
      1077,1.588082847E+000,8.945290827E-001,1.769975992E-003
      1078,1.691015463E+000,8.961672917E-001,3.039443167E-003
      1079,1.793319819E+000,8.972846317E-001,4.699109588E-003
      1080,1.895094039E+000,8.980621494E-001,6.664956454E-003
      1081,1.996456218E+000,8.986236779E-001,8.761939593E-003
      1082,2.097515970E+000,8.990407887E-001,1.070774905E-002
      1083,2.198354924E+000,8.993456496E-001,1.221052464E-002
      1084,2.299028351E+000,8.995740262E-001,1.307621971E-002
      1085,2.399574736E+000,8.998379182E-001,1.322684903E-002
      1086,2.500063879E+000,9.003169920E-001,1.268441696E-002
      1087,2.600512436E+000,9.010695690E-001,1.155054010E-002
      1088,2.700976455E+000,9.019776308E-001,9.994747117E-003
      1089,2.801437092E+000,9.028667930E-001,8.227674291E-003
      1090,2.901835701E+000,9.035969073E-001,6.455868948E-003
      1091,3.002087737E+000,9.041018570E-001,4.837713670E-003
      1092,1.168747171E+000,2.022560427E+000,8.355949540E-004
      1093,1.159696588E+000,1.926919536E+000,4.315526690E-003
      1094,1.149183788E+000,1.830562541E+000,2.295703441E-002
      1095,1.135792912E+000,1.733373638E+000,6.360944360E-002
      1096,1.117848254E+000,1.635992446E+000,1.053283513E-001
      1097,1.094334301E+000,1.540764553E+000,1.195009127E-001
      1098,1.066521548E+000,1.450894912E+000,1.043003723E-001
      1099,1.041024555E+000,1.362950491E+000,7.711544633E-002
      1100,1.011734443E+000,1.276374633E+000,4.756035283E-002
      1101,9.782447509E-001,1.201322286E+000,2.559535205E-002
      1102,9.675925833E-001,1.127178369E+000,1.094164047E-002
      1103,9.632576376E-001,1.047489271E+000,2.240649890E-003
      1104,9.627497119E-001,9.622821522E-001,8.092534699E-005
      1105,3.003735549E+000,1.005989385E+000,9.795266204E-003
      1106,3.006532131E+000,1.107279813E+000,1.726806350E-002
      1107,3.010215874E+000,1.207277555E+000,2.715955302E-002
      1108,3.013797573E+000,1.305680115E+000,3.891878575E-002
      1109,3.016228642E+000,1.402830208E+000,5.180022493E-002
      1110,3.016904400E+000,1.499484756E+000,6.659759581E-002
      1111,3.015580688E+000,1.596481370E+000,6.836609542E-002
      1112,3.012853043E+000,1.694490533E+000,5.530763790E-002
      1113,3.009635807E+000,1.793745357E+000,4.231836647E-002
      1114,3.006676862E+000,1.894085876E+000,3.008599766E-002
      1115,3.004358767E+000,1.995110808E+000,1.946726628E-002
      1116,1.063106020E+000,9.639594270E-001,2.619104635E-004
      1117,1.164710452E+000,9.706216544E-001,6.541261100E-004
      1118,1.268913781E+000,9.779441286E-001,1.238587312E-003
      1119,1.374110674E+000,9.843820346E-001,2.199107548E-003
      1120,1.479259892E+000,9.893187746E-001,3.715578467E-003
      1121,1.583874669E+000,9.927467051E-001,5.925048608E-003
      1122,1.687730501E+000,9.950289665E-001,8.819863200E-003
      1123,1.790802504E+000,9.965355231E-001,1.223117672E-002
      1124,1.893179595E+000,9.975487876E-001,1.589438505E-002
      1125,1.994997319E+000,9.982615561E-001,1.942650601E-002
      1126,2.096393261E+000,9.987881775E-001,2.241773345E-002
      1127,2.197490247E+000,9.992098856E-001,2.455634996E-002
      1128,2.298404550E+000,9.996474290E-001,2.564340085E-002
      1129,2.399257382E+000,1.000268484E+000,2.559445612E-002
      1130,2.500112427E+000,1.001198710E+000,2.443174273E-002
      1131,2.601020528E+000,1.002363072E+000,2.229121141E-002
      1132,2.701970927E+000,1.003572769E+000,1.942663267E-002
      1133,2.802860067E+000,1.004630459E+000,1.617494784E-002
      1134,2.903547236E+000,1.005426637E+000,1.287219115E-002
      1135,2.903741643E+000,1.995430024E+000,2.505172789E-002
      1136,2.802816210E+000,1.996140217E+000,3.081301600E-002
      1137,2.701600786E+000,1.997222703E+000,3.620221466E-002
      1138,2.600208622E+000,1.998609184E+000,4.063624144E-002
      1139,2.498808651E+000,2.000177223E+000,4.361863062E-002
      1140,2.397542211E+000,2.001809527E+000,4.482860118E-002
      1141,2.296464738E+000,2.003359435E+000,4.415383190E-002
      1142,2.195511097E+000,2.004764981E+000,4.166043922E-002
      1143,2.094554987E+000,2.006057587E+000,3.755442426E-002
      1144,1.993354156E+000,2.007290241E+000,3.217567503E-002
      1145,1.891723744E+000,2.008475037E+000,2.608958259E-002
      1146,1.789559576E+000,2.009473808E+000,1.998948492E-002
      1147,1.686858128E+000,2.010438258E+000,1.442075241E-002
      1148,1.583533329E+000,2.011500761E+000,9.724023752E-003
      1149,1.479612139E+000,2.012928539E+000,6.068240386E-003
      1150,1.375448819E+000,2.015164757E+000,3.459868487E-003
      1151,1.271681393E+000,2.018461117E+000,1.784638502E-003
      1152,1.263019384E+000,1.921140332E+000,6.377023179E-003
      1153,1.252625489E+000,1.822666080E+000,2.704646438E-002
      1154,1.239185901E+000,1.722413496E+000,6.824046373E-002
      1155,1.220472398E+000,1.620303315E+000,1.060636938E-001
      1156,1.193032486E+000,1.519260871E+000,1.158318445E-001
      1157,1.155168472E+000,1.432853312E+000,9.958281368E-002
      1158,1.137097030E+000,1.345548874E+000,7.503737509E-002
      1159,1.112156287E+000,1.241429923E+000,3.872077912E-002
      1160,1.043083309E+000,1.184161665E+000,2.425585501E-002
      1161,1.051999344E+000,1.124221898E+000,1.384441834E-002
      1162,1.058317947E+000,1.048076955E+000,3.565389896E-003
      1163,2.906220665E+000,1.106734665E+000,2.222908288E-002
      1164,2.909743199E+000,1.206751748E+000,3.415324539E-002
      1165,2.913106769E+000,1.305229757E+000,4.779350385E-002
      1166,2.915472520E+000,1.402523606E+000,6.222001091E-002
      1167,2.915909842E+000,1.499359987E+000,7.804600894E-002
      1168,2.914406499E+000,1.596609086E+000,7.999224961E-002
      1169,2.911678259E+000,1.694866694E+000,6.617987156E-002
      1170,2.908627524E+000,1.794277339E+000,5.181249604E-002
      1171,2.905919968E+000,1.894624153E+000,3.777706623E-002
      1172,1.155876429E+000,1.059448638E+000,5.675456487E-003
      1173,1.260411827E+000,1.070255890E+000,7.445328403E-003
      1174,1.366575131E+000,1.079486802E+000,9.781581350E-003
      1175,1.472905437E+000,1.086397598E+000,1.255838666E-002
      1176,1.578688412E+000,1.091105931E+000,1.589294523E-002
      1177,1.683594793E+000,1.094168501E+000,1.986566558E-002
      1178,1.787546441E+000,1.096132870E+000,2.435292304E-002
      1179,1.890620557E+000,1.097406978E+000,2.902223542E-002
      1180,1.992972826E+000,1.098269591E+000,3.341985121E-002
      1181,2.094785804E+000,1.098904004E+000,3.712718934E-002
      1182,2.196282976E+000,1.099470014E+000,3.981043398E-002
      1183,2.297652844E+000,1.100132847E+000,4.120210931E-002
      1184,2.399072349E+000,1.101025300E+000,4.112302884E-002
      1185,2.500618053E+000,1.102183675E+000,3.951109946E-002
      1186,2.602295272E+000,1.103465339E+000,3.646555543E-002
      1187,2.703938743E+000,1.104682102E+000,3.227775544E-002
      1188,2.805389522E+000,1.105702276E+000,2.737713046E-002
      1189,2.804716766E+000,1.895341444E+000,4.532308131E-002
      1190,2.703007386E+000,1.896641765E+000,5.197906494E-002
      1191,2.600980778E+000,1.898420838E+000,5.705712736E-002
      1192,2.498918627E+000,1.900515818E+000,6.007411703E-002
      1193,2.397106045E+000,1.902630990E+000,6.083476543E-002
      1194,2.295604601E+000,1.904580196E+000,5.939592794E-002
      1195,2.194309927E+000,1.906319050E+000,5.597210303E-002
      1196,2.092965644E+000,1.907909216E+000,5.086809024E-002
      1197,1.991254087E+000,1.909338975E+000,4.445446283E-002
      1198,1.888944929E+000,1.910430537E+000,3.722504154E-002
      1199,1.785971901E+000,1.911185754E+000,2.988540754E-002
      1200,1.682286456E+000,1.911771601E+000,2.307573520E-002
      1201,1.577828917E+000,1.912508790E+000,1.717082411E-002
      1202,1.472740572E+000,1.913936135E+000,1.242104359E-002
      1203,1.367452301E+000,1.916683170E+000,8.945552632E-003
      1204,2.808442601E+000,1.205796476E+000,4.110247269E-002
      1205,2.811490951E+000,1.304528573E+000,5.622046068E-002
      1206,2.813404820E+000,1.402206277E+000,7.175156474E-002
      1207,2.813524117E+000,1.499529738E+000,8.799172193E-002
      1208,2.812002882E+000,1.597263659E+000,8.989690989E-002
      1209,2.809563672E+000,1.695854296E+000,7.578409463E-002
      1210,2.806977110E+000,1.795363295E+000,6.060641631E-002
      1211,1.141871121E+000,1.147543197E+000,1.827149652E-002
      1212,1.249864733E+000,1.162247274E+000,2.193396166E-002
      1213,1.357609010E+000,1.174805962E+000,2.654341795E-002
      1214,1.465448418E+000,1.184101977E+000,3.024325520E-002
      1215,1.572674767E+000,1.190269069E+000,3.359552473E-002
      1216,1.678791935E+000,1.194178206E+000,3.708621114E-002
      1217,1.783709195E+000,1.196611561E+000,4.093003646E-002
      1218,1.887538560E+000,1.198131930E+000,4.502919316E-002
      1219,1.990481259E+000,1.199098025E+000,4.910528660E-002
      1220,2.092831970E+000,1.199773303E+000,5.280330777E-002
      1221,2.194860564E+000,1.200357188E+000,5.571931228E-002
      1222,2.296873984E+000,1.201010970E+000,5.744542181E-002
      1223,2.399065143E+000,1.201841036E+000,5.761856213E-002
      1224,2.501508398E+000,1.202815626E+000,5.598899722E-002
      1225,2.604053418E+000,1.203797037E+000,5.250957236E-002
      1226,2.706485415E+000,1.204674323E+000,4.740291089E-002
      1227,2.704845640E+000,1.796730965E+000,6.785456836E-002
      1228,2.602162794E+000,1.798738009E+000,7.291394472E-002
      1229,2.499406734E+000,1.801053012E+000,7.546298206E-002
      1230,2.396948890E+000,1.803338749E+000,7.553079724E-002
      1231,2.294904437E+000,1.805457097E+000,7.338757813E-002
      1232,2.193108495E+000,1.807395632E+000,6.942879409E-002
      1233,2.091230133E+000,1.809125507E+000,6.410758942E-002
      1234,1.988907005E+000,1.810482848E+000,5.791630596E-002
      1235,1.885901715E+000,1.811305576E+000,5.139142275E-002
      1236,1.782094804E+000,1.811614169E+000,4.516474158E-002
      1237,1.677376452E+000,1.811694605E+000,3.981005400E-002
      1238,1.571709642E+000,1.812017765E+000,3.555677086E-002
      1239,1.465102123E+000,1.813310996E+000,3.240096197E-002
      1240,1.358083757E+000,1.816523238E+000,3.000300005E-002
      1241,2.708819572E+000,1.303793784E+000,6.350868940E-002
      1242,2.710111351E+000,1.402093709E+000,7.976076007E-002
      1243,2.709956874E+000,1.500151038E+000,9.595201164E-002
      1244,2.708614009E+000,1.598528889E+000,9.754534066E-002
      1245,2.706685026E+000,1.697516542E+000,8.334263414E-002
      1246,1.238290102E+000,1.254520006E+000,4.744525999E-002
      1247,1.346969252E+000,1.271309234E+000,5.360665172E-002
      1248,1.457049849E+000,1.283379548E+000,5.707670748E-002
      1249,1.566354489E+000,1.290929017E+000,5.963606387E-002
      1250,1.673945714E+000,1.295524944E+000,6.177933514E-002
      1251,1.779881510E+000,1.298305356E+000,6.391368061E-002
      1252,1.884455852E+000,1.299957170E+000,6.621157378E-002
      1253,1.988012967E+000,1.300909371E+000,6.864926964E-002
      1254,2.090897794E+000,1.301440544E+000,7.104666531E-002
      1255,2.193489896E+000,1.301785444E+000,7.309384644E-002
      1256,2.296131979E+000,1.302106011E+000,7.437396795E-002
      1257,2.399046655E+000,1.302490293E+000,7.440859079E-002
      1258,2.502236171E+000,1.302890932E+000,7.274797559E-002
      1259,2.605496195E+000,1.303230140E+000,6.911686808E-002
      1260,2.603517860E+000,1.699416297E+000,8.845202625E-002
      1261,2.500159709E+000,1.701548157E+000,9.110061824E-002
      1262,2.397106101E+000,1.703668787E+000,9.157700837E-002
      1263,2.294492435E+000,1.705681236E+000,9.034453332E-002
      1264,2.192146636E+000,1.707531081E+000,8.790560067E-002
      1265,2.089716922E+000,1.709088063E+000,8.474320173E-002
      1266,1.986829790E+000,1.710148158E+000,8.131079376E-002
      1267,1.883204599E+000,1.710555788E+000,7.802774757E-002
      1268,1.778622969E+000,1.710382263E+000,7.523931563E-002
      1269,1.672910492E+000,1.709883246E+000,7.318386436E-002
      1270,1.565727799E+000,1.709526364E+000,7.187928259E-002
      1271,1.456692953E+000,1.710140823E+000,7.104930282E-002
      1272,1.346375211E+000,1.713374799E+000,7.041198015E-002
      1273,2.606156723E+000,1.402256936E+000,8.582923561E-002
      1274,2.605813513E+000,1.501148069E+000,1.017815769E-001
      1275,2.604734391E+000,1.600240105E+000,1.028306559E-001
      1276,2.501016324E+000,1.601935702E+000,1.060409099E-001
      1277,2.397549009E+000,1.603609631E+000,1.076484770E-001
      1278,2.294500114E+000,1.605204269E+000,1.081481725E-001
      1279,2.191716671E+000,1.606642444E+000,1.079820767E-001
      1280,2.088865657E+000,1.607772979E+000,1.074864492E-001
      1281,1.985575623E+000,1.608395781E+000,1.068955958E-001
      1282,1.881507135E+000,1.608372009E+000,1.063583940E-001
      1283,1.776361629E+000,1.607689305E+000,1.059576347E-001
      1284,1.669695649E+000,1.606424601E+000,1.057518646E-001
      1285,1.560618446E+000,1.604759518E+000,1.057501659E-001
      1286,1.447805882E+000,1.603336844E+000,1.055809408E-001
      1287,1.330269062E+000,1.604401661E+000,1.055855006E-001
      1288,1.234587794E+000,1.343598114E+000,7.982476056E-002
      1289,1.333435119E+000,1.370476873E+000,8.477938920E-002
      1290,1.448171525E+000,1.385513348E+000,8.652627468E-002
      1291,1.560800052E+000,1.393597670E+000,8.826468885E-002
      1292,1.670104317E+000,1.398276739E+000,8.920221031E-002
      1293,1.776962230E+000,1.401036227E+000,8.989724517E-002
      1294,1.882145447E+000,1.402601844E+000,9.057026356E-002
      1295,1.986175774E+000,1.403362158E+000,9.130487591E-002
      1296,2.089472478E+000,1.403581971E+000,9.205324948E-002
      1297,2.192445728E+000,1.403481752E+000,9.264206141E-002
      1298,2.295459531E+000,1.403239064E+000,9.276687354E-002
      1299,2.398745354E+000,1.402939187E+000,9.199640155E-002
      1300,2.502263077E+000,1.402581701E+000,8.983286470E-002
      1301,2.501766722E+000,1.502251809E+000,1.056463942E-001
      1302,1.303087242E+000,1.479705071E+000,1.085265204E-001
      1303,1.225927713E+000,1.413756663E+000,9.819000214E-002
      1304,2.398167085E+000,1.503297178E+000,1.079473197E-001
      1305,2.294933192E+000,1.504270925E+000,1.091630310E-001
      1306,2.191930103E+000,1.505114891E+000,1.097109988E-001
      1307,2.088877079E+000,1.505702243E+000,1.098971814E-001
      1308,1.985419358E+000,1.505853100E+000,1.099117771E-001
      1309,1.881189524E+000,1.505399610E+000,1.098551005E-001
      1310,1.775775473E+000,1.504183313E+000,1.097659618E-001
      1311,1.668494788E+000,1.501984166E+000,1.096758321E-001
      1312,1.557877941E+000,1.498330275E+000,1.095913798E-001
      1313,1.440656343E+000,1.492484595E+000,1.093625575E-001
