nodenumber,    x-coordinate,    y-coordinate,            c2h6
         1,5.000000000E-003,1.495000000E+000,5.000000000E-001
         2,7.068731585E-002,1.508940903E+000,2.911014557E-001
         3,4.403980658E-002,1.551726335E+000,2.072562873E-001
         4,5.000000000E-003,1.505000000E+000,5.000000000E-001
         5,0.000000000E+000,1.401562500E+000,0.000000000E+000
         6,4.885011125E-002,1.420179041E+000,3.363762796E-002
         7,0.000000000E+000,1.308125000E+000,0.000000000E+000
         8,7.311745740E-002,1.332834160E+000,1.226844080E-002
         9,0.000000000E+000,1.214687500E+000,0.000000000E+000
        10,9.163935468E-002,1.233594264E+000,2.288749442E-003
        11,0.000000000E+000,1.121250000E+000,0.000000000E+000
        12,9.293068681E-002,1.130193112E+000,1.927079866E-004
        13,0.000000000E+000,1.027812500E+000,0.000000000E+000
        14,9.200790270E-002,1.032520923E+000,1.517239525E-007
        15,0.000000000E+000,9.343750000E-001,0.000000000E+000
        16,9.154873500E-002,9.374881323E-001,7.776650990E-010
        17,0.000000000E+000,8.409375000E-001,0.000000000E+000
        18,9.167399806E-002,8.433870407E-001,1.243482747E-011
        19,0.000000000E+000,7.475000000E-001,0.000000000E+000
        20,9.202744179E-002,7.495515556E-001,1.886926216E-013
        21,0.000000000E+000,6.540625000E-001,0.000000000E+000
        22,9.247372448E-002,6.558636677E-001,2.960044090E-015
        23,0.000000000E+000,5.606250000E-001,0.000000000E+000
        24,9.318908419E-002,5.623162447E-001,5.000174454E-017
        25,0.000000000E+000,4.671875000E-001,0.000000000E+000
        26,9.418217718E-002,4.688433463E-001,8.632866844E-019
        27,0.000000000E+000,3.737500000E-001,0.000000000E+000
        28,9.541534025E-002,3.753235534E-001,1.463571209E-020
        29,0.000000000E+000,2.803125000E-001,0.000000000E+000
        30,9.671003948E-002,2.816812100E-001,2.280204340E-022
        31,0.000000000E+000,1.868750000E-001,0.000000000E+000
        32,9.794447158E-002,1.878815348E-001,2.965752747E-024
        33,0.000000000E+000,9.343750000E-002,0.000000000E+000
        34,9.903156835E-002,9.396601986E-002,2.842087115E-026
        35,1.000000000E-001,0.000000000E+000,3.061224239E-028
        36,1.296169358E-001,1.544792676E+000,1.930975616E-001
        37,8.791972767E-002,1.609006182E+000,1.316380203E-001
        38,0.000000000E+000,1.604666667E+000,0.000000000E+000
        39,0.000000000E+000,1.704333333E+000,0.000000000E+000
        40,1.080148662E-001,1.444755429E+000,1.137365252E-001
        41,1.467218116E-001,1.365526554E+000,5.063944310E-002
        42,2.004344076E-001,1.258945830E+000,1.729344204E-002
        43,1.903731293E-001,1.134177214E+000,3.840254503E-004
        44,1.850594977E-001,1.033369404E+000,3.786429374E-007
        45,1.831936565E-001,9.384875433E-001,9.973865067E-010
        46,1.832964667E-001,8.449589326E-001,1.298238687E-011
        47,1.842018722E-001,7.514773118E-001,1.984963572E-013
        48,1.855417882E-001,6.579176590E-001,3.459670709E-015
        49,1.872827760E-001,5.643401717E-001,8.175681121E-017
        50,1.894343189E-001,4.707069784E-001,1.836710296E-018
        51,1.918078477E-001,3.769321486E-001,3.614352439E-020
        52,1.941776018E-001,2.829466657E-001,5.833757913E-022
        53,1.963314809E-001,1.887738361E-001,7.279224258E-024
        54,1.982661708E-001,9.442722923E-002,6.700304114E-026
        55,2.000000000E-001,0.000000000E+000,7.541793366E-028
        56,0.000000000E+000,2.900333333E+000,0.000000000E+000
        57,9.968951002E-002,2.900279686E+000,0.000000000E+000
        58,1.000000000E-001,3.000000000E+000,0.000000000E+000
        59,0.000000000E+000,2.800666667E+000,0.000000000E+000
        60,9.938784282E-002,2.800496682E+000,0.000000000E+000
        61,0.000000000E+000,2.701000000E+000,0.000000000E+000
        62,9.904535511E-002,2.700651168E+000,0.000000000E+000
        63,0.000000000E+000,2.601333333E+000,0.000000000E+000
        64,9.863369449E-002,2.600771921E+000,0.000000000E+000
        65,0.000000000E+000,2.501666667E+000,0.000000000E+000
        66,9.813047639E-002,2.500887636E+000,0.000000000E+000
        67,0.000000000E+000,2.402000000E+000,0.000000000E+000
        68,9.753055251E-002,2.401241585E+000,0.000000000E+000
        69,0.000000000E+000,2.302333333E+000,0.000000000E+000
        70,9.675921123E-002,2.301982994E+000,0.000000000E+000
        71,0.000000000E+000,2.202666667E+000,0.000000000E+000
        72,9.581920229E-002,2.203473636E+000,0.000000000E+000
        73,0.000000000E+000,2.103000000E+000,0.000000000E+000
        74,9.492835950E-002,2.105973350E+000,0.000000000E+000
        75,0.000000000E+000,2.003333333E+000,0.000000000E+000
        76,9.516299480E-002,2.010171472E+000,0.000000000E+000
        77,0.000000000E+000,1.903666667E+000,0.000000000E+000
        78,9.773096928E-002,1.916072999E+000,2.590503645E-010
        79,0.000000000E+000,1.804000000E+000,0.000000000E+000
        80,1.046013373E-001,1.823884243E+000,2.649407083E-010
        81,1.210841388E-001,1.734513284E+000,7.302960876E-005
        82,1.585703802E-001,1.651170293E+000,9.338261932E-002
        83,1.932784265E-001,1.581416991E+000,1.624876559E-001
        84,1.689688396E-001,1.480310834E+000,1.451683640E-001
        85,2.278424348E-001,1.518248758E+000,1.515444666E-001
        86,3.000000000E-001,0.000000000E+000,1.165867566E-027
        87,2.977260861E-001,9.484802243E-002,1.086333327E-025
        88,4.000000000E-001,0.000000000E+000,1.050276814E-027
        89,3.975684519E-001,9.514614137E-002,6.447969080E-026
        90,5.000000000E-001,0.000000000E+000,3.945109565E-028
        91,4.976510431E-001,9.537715493E-002,1.997574779E-028
        92,6.000000000E-001,0.000000000E+000,6.370204651E-025
        93,5.978152136E-001,9.558791154E-002,6.965632327E-023
        94,7.000000000E-001,0.000000000E+000,2.400338074E-023
        95,6.979197474E-001,9.590817765E-002,3.634895760E-021
        96,8.000000000E-001,0.000000000E+000,2.674260431E-022
        97,7.979717994E-001,9.642282942E-002,2.715881782E-020
        98,9.000000000E-001,0.000000000E+000,1.201629181E-021
        99,8.980519089E-001,9.710150517E-002,9.661934197E-020
       100,1.000000000E+000,0.000000000E+000,3.078281564E-021
       101,9.982132645E-001,9.782740336E-002,2.163138823E-019
       102,1.100000000E+000,0.000000000E+000,5.403871583E-021
       103,1.098453615E+000,9.848489320E-002,3.526963457E-019
       104,1.200000000E+000,0.000000000E+000,7.340562315E-021
       105,1.198737675E+000,9.900852077E-002,4.620200251E-019
       106,1.300000000E+000,0.000000000E+000,8.470855346E-021
       107,1.299024051E+000,9.938533769E-002,5.230171506E-019
       108,1.400000000E+000,0.000000000E+000,9.211921933E-021
       109,1.399281227E+000,9.963548423E-002,5.523882662E-019
       110,1.500000000E+000,0.000000000E+000,1.000661470E-020
       111,1.499492670E+000,9.979136044E-002,5.757217905E-019
       112,1.600000000E+000,0.000000000E+000,1.084711018E-020
       113,1.599654958E+000,9.988392508E-002,5.994622877E-019
       114,1.700000000E+000,0.000000000E+000,1.172775784E-020
       115,1.699772883E+000,9.993690568E-002,6.237355409E-019
       116,1.800000000E+000,0.000000000E+000,1.264565932E-020
       117,1.799854782E+000,9.996636617E-002,6.486478428E-019
       118,1.900000000E+000,0.000000000E+000,1.360006419E-020
       119,1.899909506E+000,9.998239816E-002,6.742971626E-019
       120,2.000000000E+000,0.000000000E+000,1.459463417E-020
       121,1.999944893E+000,9.999098639E-002,7.030020876E-019
       122,2.100000000E+000,0.000000000E+000,1.570006089E-020
       123,2.099967182E+000,9.999551215E-002,7.512268725E-019
       124,2.200000000E+000,0.000000000E+000,1.737355552E-020
       125,2.199981034E+000,9.999784248E-002,8.608262357E-019
       126,2.300000000E+000,0.000000000E+000,2.085984877E-020
       127,2.299989917E+000,9.999899015E-002,1.216905414E-018
       128,2.400000000E+000,0.000000000E+000,3.237504138E-020
       129,2.399996661E+000,9.999937915E-002,2.845862578E-018
       130,2.500000000E+000,0.000000000E+000,9.196948187E-020
       131,2.500004052E+000,9.999862817E-002,1.104986574E-017
       132,2.600000000E+000,0.000000000E+000,4.499511498E-019
       133,2.600015173E+000,9.999468687E-002,5.215286412E-017
       134,2.700000000E+000,0.000000000E+000,2.686319704E-018
       135,2.700033061E+000,9.998270116E-002,2.624574733E-016
       136,2.800000000E+000,0.000000000E+000,1.780345465E-017
       137,2.800059118E+000,9.995543823E-002,1.442013559E-015
       138,2.900000000E+000,0.000000000E+000,1.342578588E-016
       139,2.900091295E+000,9.990754210E-002,8.986241994E-015
       140,3.000000000E+000,0.000000000E+000,1.116999394E-015
       141,3.000124616E+000,9.984219836E-002,6.090530776E-014
       142,3.100000000E+000,0.000000000E+000,9.209001495E-015
       143,3.100155835E+000,9.977231454E-002,4.040366403E-013
       144,3.200000000E+000,0.000000000E+000,6.888458852E-014
       145,3.200188553E+000,9.970956414E-002,2.434743162E-012
       146,3.300000000E+000,0.000000000E+000,4.585273133E-013
       147,3.300226727E+000,9.965786037E-002,1.326119683E-011
       148,3.400000000E+000,0.000000000E+000,2.787076776E-012
       149,3.400265797E+000,9.961185986E-002,6.684930387E-011
       150,3.500000000E+000,0.000000000E+000,1.576294824E-011
       151,3.500291344E+000,9.958507260E-002,3.187418385E-010
       152,3.600000000E+000,0.000000000E+000,8.354425485E-011
       153,3.600285496E+000,9.958844769E-002,1.448965614E-009
       154,3.700000000E+000,0.000000000E+000,4.133209608E-010
       155,3.700246380E+000,9.963106929E-002,6.255597818E-009
       156,3.800000000E+000,0.000000000E+000,1.912744629E-009
       157,3.800187134E+000,9.970972574E-002,2.543926669E-008
       158,3.900000000E+000,0.000000000E+000,8.125221385E-009
       159,3.900100009E+000,9.983971998E-002,9.330268114E-008
       160,4.000000000E+000,1.000000000E-001,1.458717662E-007
       161,3.900000000E+000,3.000000000E+000,5.571677786E-009
       162,3.900094140E+000,2.900145918E+000,6.649975148E-008
       163,4.000000000E+000,2.900000000E+000,1.071729656E-007
       164,3.800000000E+000,3.000000000E+000,1.131973626E-009
       165,3.800157179E+000,2.900240848E+000,1.567155472E-008
       166,3.700000000E+000,3.000000000E+000,2.101511742E-010
       167,3.700202010E+000,2.900293312E+000,3.304438279E-009
       168,3.600000000E+000,3.000000000E+000,3.639751694E-011
       169,3.600225842E+000,2.900298548E+000,6.551661436E-010
       170,3.500000000E+000,3.000000000E+000,6.043057114E-012
       171,3.500225004E+000,2.900274724E+000,1.259974625E-010
       172,3.400000000E+000,3.000000000E+000,9.629480373E-013
       173,3.400201257E+000,2.900242942E+000,2.354141881E-011
       174,3.300000000E+000,3.000000000E+000,1.457545293E-013
       175,3.300167765E+000,2.900215022E+000,4.234582737E-012
       176,3.200000000E+000,3.000000000E+000,2.070060262E-014
       177,3.200138226E+000,2.900188571E+000,7.262729914E-013
       178,3.100000000E+000,3.000000000E+000,2.772868020E-015
       179,3.100116277E+000,2.900155914E+000,1.193933597E-013
       180,3.000000000E+000,3.000000000E+000,3.609033746E-016
       181,3.000097537E+000,2.900116914E+000,1.926303016E-014
       182,2.900000000E+000,3.000000000E+000,4.747769885E-017
       183,2.900078472E+000,2.900078738E+000,3.149158807E-015
       184,2.800000000E+000,3.000000000E+000,6.551719610E-018
       185,2.800059428E+000,2.900047992E+000,5.382668328E-016
       186,2.700000000E+000,3.000000000E+000,9.843078092E-019
       187,2.700042291E+000,2.900026822E+000,9.945038980E-017
       188,2.600000000E+000,3.000000000E+000,1.708558616E-019
       189,2.600028317E+000,2.900013927E+000,2.078910682E-017
       190,2.500000000E+000,3.000000000E+000,3.818721949E-020
       191,2.500017483E+000,2.900006812E+000,5.262883708E-018
       192,2.400000000E+000,3.000000000E+000,1.256949651E-020
       193,2.400008448E+000,2.900003261E+000,1.758125036E-018
       194,2.300000000E+000,3.000000000E+000,6.249602771E-021
       195,2.299998257E+000,2.900001860E+000,8.137193855E-019
       196,2.200000000E+000,3.000000000E+000,4.175680837E-021
       197,2.199981402E+000,2.900002095E+000,5.004657256E-019
       198,2.100000000E+000,3.000000000E+000,3.291670332E-021
       199,2.099948438E+000,2.900004756E+000,3.745688364E-019
       200,2.000000000E+000,3.000000000E+000,2.754570005E-021
       201,1.999885164E+000,2.900013839E+000,3.162071341E-019
       202,1.900000000E+000,3.000000000E+000,2.302941911E-021
       203,1.899774685E+000,2.900041533E+000,2.810601265E-019
       204,1.800000000E+000,3.000000000E+000,1.909003809E-021
       205,1.799606094E+000,2.900116818E+000,2.433978435E-019
       206,1.700000000E+000,3.000000000E+000,1.455709742E-021
       207,1.699391000E+000,2.900290082E+000,1.817020864E-019
       208,1.600000000E+000,3.000000000E+000,8.145559603E-022
       209,1.599182040E+000,2.900617639E+000,9.546264621E-020
       210,1.500000000E+000,3.000000000E+000,2.383075084E-022
       211,1.499084022E+000,2.901111762E+000,2.633421407E-020
       212,1.400000000E+000,3.000000000E+000,1.645220220E-023
       213,1.399221828E+000,2.901666142E+000,1.894313881E-021
       214,1.300000000E+000,3.000000000E+000,0.000000000E+000
       215,1.299616206E+000,2.902054052E+000,6.207973237E-024
       216,1.200000000E+000,3.000000000E+000,0.000000000E+000
       217,1.200111346E+000,2.902087791E+000,8.735434671E-028
       218,1.100000000E+000,3.000000000E+000,0.000000000E+000
       219,1.100503248E+000,2.901786895E+000,0.000000000E+000
       220,1.000000000E+000,3.000000000E+000,0.000000000E+000
       221,1.000688193E+000,2.901328335E+000,0.000000000E+000
       222,9.000000000E-001,3.000000000E+000,0.000000000E+000
       223,9.006712516E-001,2.900879493E+000,0.000000000E+000
       224,8.000000000E-001,3.000000000E+000,0.000000000E+000
       225,8.005026503E-001,2.900506436E+000,0.000000000E+000
       226,7.000000000E-001,3.000000000E+000,0.000000000E+000
       227,7.002303127E-001,2.900191369E+000,0.000000000E+000
       228,6.000000000E-001,3.000000000E+000,0.000000000E+000
       229,5.999199813E-001,2.899987133E+000,0.000000000E+000
       230,5.000000000E-001,3.000000000E+000,0.000000000E+000
       231,4.996321214E-001,2.899905558E+000,0.000000000E+000
       232,4.000000000E-001,3.000000000E+000,0.000000000E+000
       233,3.994465926E-001,2.899938034E+000,0.000000000E+000
       234,3.000000000E-001,3.000000000E+000,0.000000000E+000
       235,2.993973557E-001,2.900035214E+000,0.000000000E+000
       236,2.000000000E-001,3.000000000E+000,0.000000000E+000
       237,1.994911393E-001,2.900157643E+000,0.000000000E+000
       238,4.000000000E+000,2.000000000E-001,1.841356038E-006
       239,3.900168512E+000,1.997191324E-001,1.202957037E-006
       240,4.000000000E+000,3.000000000E-001,1.583943595E-005
       241,3.900176137E+000,2.996799739E-001,1.054759105E-005
       242,4.000000000E+000,4.000000000E-001,1.004451478E-004
       243,3.900150609E+000,3.997003350E-001,6.825230957E-005
       244,4.000000000E+000,5.000000000E-001,4.868141841E-004
       245,3.900115640E+000,4.997610660E-001,3.388860205E-004
       246,4.000000000E+000,6.000000000E-001,1.829644432E-003
       247,3.900084725E+000,5.998498549E-001,1.314500929E-003
       248,4.000000000E+000,7.000000000E-001,5.374010652E-003
       249,3.900065892E+000,6.999695734E-001,4.024413414E-003
       250,4.000000000E+000,8.000000000E-001,1.250840444E-002
       251,3.900072366E+000,8.001378625E-001,9.851666167E-003
       252,4.000000000E+000,9.000000000E-001,2.370761707E-002
       253,3.900141582E+000,9.003756823E-001,1.970984228E-002
       254,4.000000000E+000,1.000000000E+000,3.803428635E-002
       255,3.900345746E+000,1.000685629E+000,3.327030689E-002
       256,4.000000000E+000,1.100000000E+000,5.387989059E-002
       257,3.900770783E+000,1.101018099E+000,4.920101166E-002
       258,4.000000000E+000,1.200000000E+000,6.992019713E-002
       259,3.901447948E+000,1.201238583E+000,6.606053561E-002
       260,4.000000000E+000,1.300000000E+000,8.529546112E-002
       261,3.902256695E+000,1.301175284E+000,8.274376392E-002
       262,4.000000000E+000,1.400000000E+000,9.923019260E-002
       263,3.902915168E+000,1.400771367E+000,9.814562649E-002
       264,4.000000000E+000,1.500000000E+000,1.112696528E-001
       265,3.903163020E+000,1.500161864E+000,1.110856831E-001
       266,4.000000000E+000,1.600000000E+000,1.114549786E-001
       267,3.902944890E+000,1.599568169E+000,1.109290197E-001
       268,4.000000000E+000,1.700000000E+000,9.815198928E-002
       269,3.902400769E+000,1.699157935E+000,9.593184292E-002
       270,4.000000000E+000,1.800000000E+000,8.096307516E-002
       271,3.901743861E+000,1.798987992E+000,7.655733824E-002
       272,4.000000000E+000,1.900000000E+000,6.205351278E-002
       273,3.901146957E+000,1.899020051E+000,5.613793805E-002
       274,4.000000000E+000,2.000000000E+000,4.314257577E-002
       275,3.900693811E+000,1.999174306E+000,3.697846830E-002
       276,4.000000000E+000,2.100000000E+000,2.620807476E-002
       277,3.900393477E+000,2.099379111E+000,2.113567851E-002
       278,4.000000000E+000,2.200000000E+000,1.332312636E-002
       279,3.900219255E+000,2.199592353E+000,1.010387018E-002
       280,4.000000000E+000,2.300000000E+000,5.456900224E-003
       281,3.900138689E+000,2.299798657E+000,3.920601215E-003
       282,4.000000000E+000,2.400000000E+000,1.758098137E-003
       283,3.900123237E+000,2.399992767E+000,1.211411087E-003
       284,4.000000000E+000,2.500000000E+000,4.415356671E-004
       285,3.900148478E+000,2.500154266E+000,2.952063805E-004
       286,4.000000000E+000,2.600000000E+000,8.611966769E-005
       287,3.900177348E+000,2.600252070E+000,5.631553358E-005
       288,4.000000000E+000,2.700000000E+000,1.287357827E-005
       289,3.900179788E+000,2.700273570E+000,8.267191333E-006
       290,4.000000000E+000,2.800000000E+000,1.422047148E-006
       291,3.900142999E+000,2.800220634E+000,8.983591329E-007
       292,1.989544834E-001,2.800225521E+000,0.000000000E+000
       293,1.983301160E-001,2.700179011E+000,0.000000000E+000
       294,1.975242659E-001,2.600052021E+000,0.000000000E+000
       295,1.965348445E-001,2.500076192E+000,0.000000000E+000
       296,1.952726864E-001,2.400562325E+000,0.000000000E+000
       297,1.936789641E-001,2.302040329E+000,0.000000000E+000
       298,1.918102686E-001,2.204876022E+000,0.000000000E+000
       299,1.903864765E-001,2.109841308E+000,0.000000000E+000
       300,1.904630273E-001,2.017336676E+000,0.000000000E+000
       301,1.932809427E-001,1.927700161E+000,2.970655943E-010
       302,2.001266700E-001,1.840989260E+000,3.944953164E-008
       303,2.138484590E-001,1.758218824E+000,9.597907047E-005
       304,2.356730026E-001,1.680938499E+000,7.070631534E-002
       305,2.598258278E-001,1.612050579E+000,1.442641318E-001
       306,2.851072097E-001,1.551775920E+000,1.498071253E-001
       307,2.680671081E-001,1.460667307E+000,1.193465367E-001
       308,3.146932034E-001,1.501963189E+000,1.335133910E-001
       309,2.126271518E-001,1.413382573E+000,9.319954365E-002
       310,3.800294955E+000,1.995187540E-001,3.606769496E-007
       311,3.800318129E+000,2.994394692E-001,3.432676976E-006
       312,3.800285673E+000,3.994652047E-001,2.411348032E-005
       313,3.800229356E+000,4.995750532E-001,1.311935193E-004
       314,3.800177056E+000,5.997588881E-001,5.675937282E-004
       315,3.800148129E+000,7.000285440E-001,1.980013447E-003
       316,3.800178180E+000,8.004130925E-001,5.606654566E-003
       317,3.800346029E+000,9.009324383E-001,1.297119260E-002
       318,3.800783532E+000,1.001558527E+000,2.489835955E-002
       319,3.801634696E+000,1.102159751E+000,4.078664631E-002
       320,3.802928351E+000,1.202472447E+000,5.908128247E-002
       321,3.804407856E+000,1.302228971E+000,7.819508761E-002
       322,3.805566663E+000,1.401396519E+000,9.631537646E-002
       323,3.805979860E+000,1.500235599E+000,1.108316109E-001
       324,3.805571080E+000,1.599119429E+000,1.100094914E-001
       325,3.804582770E+000,1.698333682E+000,9.188777953E-002
       326,3.803381608E+000,1.797984280E+000,6.839786470E-002
       327,3.802272043E+000,1.898016882E+000,4.531168565E-002
       328,3.801411850E+000,1.998300248E+000,2.612273395E-002
       329,3.800830301E+000,2.098705180E+000,1.271871012E-002
       330,3.800487617E+000,2.199144147E+000,5.112782586E-003
       331,3.800323059E+000,2.299570989E+000,1.680783462E-003
       332,3.800280987E+000,2.399951537E+000,4.505956022E-004
       333,3.800301978E+000,2.500241966E+000,9.798081010E-005
       334,3.800326211E+000,2.600406121E+000,1.703828093E-005
       335,3.800317243E+000,2.700452944E+000,2.304535201E-006
       336,3.800252323E+000,2.800374452E+000,2.314160668E-007
       337,3.700341317E+000,2.800483805E+000,5.408421444E-008
       338,3.600389280E+000,2.800510333E+000,1.215278989E-008
       339,3.500392351E+000,2.800495685E+000,2.691462386E-009
       340,3.400359205E+000,2.800468784E+000,5.887303978E-010
       341,3.300315580E+000,2.800441832E+000,1.261364763E-010
       342,3.200281063E+000,2.800403189E+000,2.626636755E-011
       343,3.100254792E+000,2.800340963E+000,5.332276721E-012
       344,3.000225785E+000,2.800260286E+000,1.072451589E-012
       345,2.900189099E+000,2.800178890E+000,2.185698047E-013
       346,2.800148066E+000,2.800111748E+000,4.631394552E-014
       347,2.700108494E+000,2.800064260E+000,1.052709826E-014
       348,2.600074171E+000,2.800034475E+000,2.667951978E-015
       349,2.500045368E+000,2.800017682E+000,7.895590619E-016
       350,2.400018602E+000,2.800009581E+000,2.874468510E-016
       351,2.299986159E+000,2.800007507E+000,1.341287128E-016
       352,2.199934800E+000,2.800010550E+000,7.996321233E-017
       353,2.099844333E+000,2.800020512E+000,5.791193377E-017
       354,1.999688384E+000,2.800046238E+000,4.766326524E-017
       355,1.899441577E+000,2.800113724E+000,4.158052313E-017
       356,1.799097577E+000,2.800280023E+000,3.520363558E-017
       357,1.698696812E+000,2.800636301E+000,2.536790554E-017
       358,1.598353756E+000,2.801274903E+000,1.281474161E-017
       359,1.498263512E+000,2.802194112E+000,3.429426506E-018
       360,1.398607071E+000,2.803177601E+000,2.596854951E-019
       361,1.299354695E+000,2.803826859E+000,1.272068275E-021
       362,1.200229640E+000,2.803859703E+000,8.733042666E-028
       363,1.100916663E+000,2.803336266E+000,0.000000000E+000
       364,1.001242170E+000,2.802536790E+000,0.000000000E+000
       365,9.011834653E-001,2.801691649E+000,0.000000000E+000
       366,8.008136986E-001,2.800871949E+000,0.000000000E+000
       367,7.002697522E-001,2.800205300E+000,0.000000000E+000
       368,5.996536077E-001,2.799772996E+000,0.000000000E+000
       369,4.991255528E-001,2.799617695E+000,0.000000000E+000
       370,3.988115159E-001,2.799691885E+000,0.000000000E+000
       371,2.987647592E-001,2.799914860E+000,0.000000000E+000
       372,2.952133693E-001,1.895484178E-001,1.300595842E-023
       373,3.947602916E-001,1.902136405E-001,8.124156608E-024
       374,4.948308428E-001,1.907611336E-001,0.000000000E+000
       375,5.950785426E-001,1.913140166E-001,8.842615032E-020
       376,6.952880201E-001,1.920526773E-001,8.444925722E-019
       377,7.954649324E-001,1.931143867E-001,3.524670357E-018
       378,8.957253245E-001,1.944249152E-001,8.993699881E-018
       379,9.961347575E-001,1.957918355E-001,1.642294480E-017
       380,1.096676639E+000,1.970262753E-001,2.373360014E-017
       381,1.197285133E+000,1.980168880E-001,2.910845267E-017
       382,1.297886064E+000,1.987392829E-001,3.191174129E-017
       383,1.398423316E+000,1.992275849E-001,3.312656852E-017
       384,1.498867691E+000,1.995392246E-001,3.402227939E-017
       385,1.599213379E+000,1.997301560E-001,3.492254638E-017
       386,1.699469310E+000,1.998439921E-001,3.584209659E-017
       387,1.799651129E+000,1.999107963E-001,3.679364546E-017
       388,1.899775896E+000,1.999497386E-001,3.779625454E-017
       389,1.999859144E+000,1.999723292E-001,3.939996253E-017
       390,2.099913624E+000,1.999852589E-001,4.379158352E-017
       391,2.199949341E+000,1.999924509E-001,6.009266642E-017
       392,2.299974400E+000,1.999961548E-001,1.301083370E-016
       393,2.399996114E+000,1.999970988E-001,4.311753720E-016
       394,2.500021856E+000,1.999935195E-001,1.666856020E-015
       395,2.600058914E+000,1.999790854E-001,6.633641441E-015
       396,2.700112159E+000,1.999414498E-001,2.748043221E-014
       397,2.800179547E+000,1.998658628E-001,1.250824666E-013
       398,2.900249186E+000,1.997467961E-001,6.399895262E-013
       399,3.000304062E+000,1.996015400E-001,3.475701714E-012
       400,3.100338066E+000,1.994669422E-001,1.820215333E-011
       401,3.200365906E+000,1.993750014E-001,8.761837783E-011
       402,3.300402430E+000,1.993142676E-001,3.883769140E-010
       403,3.400442285E+000,1.992789458E-001,1.625328871E-009
       404,3.500459153E+000,1.992752982E-001,6.565044508E-009
       405,3.600433953E+000,1.993165608E-001,2.581156977E-008
       406,3.700365758E+000,1.994098198E-001,9.882919727E-008
       407,2.979507537E-001,2.699646570E+000,0.000000000E+000
       408,2.968600169E-001,2.599333105E+000,0.000000000E+000
       409,2.953960322E-001,2.499298667E+000,0.000000000E+000
       410,2.934737242E-001,2.400217570E+000,0.000000000E+000
       411,2.910611950E-001,2.302530436E+000,0.000000000E+000
       412,2.884597773E-001,2.206948533E+000,0.000000000E+000
       413,2.863530970E-001,2.114013061E+000,8.895455309E-017
       414,2.857670640E-001,2.024312647E+000,1.261402956E-013
       415,2.871243386E-001,1.937732913E+000,3.443161312E-010
       416,2.918748417E-001,1.854753668E+000,1.203411273E-007
       417,3.008688422E-001,1.775480331E+000,1.196517987E-004
       418,3.134836066E-001,1.700780352E+000,6.093719602E-002
       419,3.270287569E-001,1.632592199E+000,1.340060532E-001
       420,3.391260201E-001,1.574064210E+000,1.464104354E-001
       421,3.479658422E-001,1.531523284E+000,1.384439617E-001
       422,3.617348260E-001,1.466005782E+000,1.161718145E-001
       423,3.898576785E-001,1.517789152E+000,1.316687614E-001
       424,3.210895525E-001,1.410468387E+000,9.193588048E-002
       425,2.704922909E-001,1.346282069E+000,5.901600048E-002
       426,3.979633545E-001,2.699241739E+000,0.000000000E+000
       427,3.966680064E-001,2.598794777E+000,0.000000000E+000
       428,3.948224672E-001,2.498930934E+000,0.000000000E+000
       429,3.923318701E-001,2.400233005E+000,0.000000000E+000
       430,3.892601080E-001,2.303562673E+000,0.000000000E+000
       431,3.859809330E-001,2.209427725E+000,0.000000000E+000
       432,3.831476015E-001,2.118332094E+000,5.354265196E-016
       433,3.813248964E-001,2.030507551E+000,5.207639333E-013
       434,3.810954309E-001,1.946106260E+000,5.050755369E-010
       435,3.831262176E-001,1.864777872E+000,2.298004631E-007
       436,3.873750140E-001,1.786272602E+000,1.493178570E-004
       437,3.927703443E-001,1.710969410E+000,5.710382760E-002
       438,3.970979807E-001,1.640107666E+000,1.295515150E-001
       439,3.976089334E-001,1.575100621E+000,1.431240737E-001
       440,4.493197533E-001,1.499636728E+000,1.227870807E-001
       441,4.647419617E-001,1.567344184E+000,1.393452138E-001
       442,4.223072676E-001,1.435140428E+000,1.013424844E-001
       443,3.871803627E-001,1.369336740E+000,7.426462322E-002
       444,3.474214742E-001,1.297449045E+000,4.285970703E-002
       445,3.082031595E-001,1.213640141E+000,1.287950110E-002
       446,2.871810761E-001,1.118925672E+000,3.268707660E-004
       447,2.768206394E-001,1.027048905E+000,5.543232646E-007
       448,2.737590934E-001,9.367464923E-001,1.338471667E-009
       449,2.744436692E-001,8.457789070E-001,1.381210771E-011
       450,2.766607356E-001,7.535570428E-001,2.099474837E-013
       451,2.794612963E-001,6.604288295E-001,3.929127921E-015
       452,2.826227180E-001,5.667629821E-001,1.227873122E-016
       453,2.859902498E-001,4.727786275E-001,3.344099931E-018
       454,2.893683715E-001,3.785388669E-001,7.086518346E-020
       455,2.925078630E-001,2.840918062E-001,1.117273621E-021
       456,3.700415317E+000,2.700552786E+000,5.936785215E-007
       457,3.600476579E+000,2.700593218E+000,1.499696367E-007
       458,3.500488474E+000,2.700608294E+000,3.805683590E-008
       459,3.400465070E+000,2.700615968E+000,9.730924511E-009
       460,3.300437622E+000,2.700614635E+000,2.487528405E-009
       461,3.200422333E+000,2.700584284E+000,6.309635592E-010
       462,3.100408116E+000,2.700507705E+000,1.588356391E-010
       463,3.000378169E+000,2.700397403E+000,3.997690720E-011
       464,2.900328016E+000,2.700280835E+000,1.019510431E-011
       465,2.800264944E+000,2.700180967E+000,2.686218218E-012
       466,2.700199274E+000,2.700107674E+000,7.522560591E-013
       467,2.600137715E+000,2.700060250E+000,2.318301258E-013
       468,2.500080687E+000,2.700033583E+000,8.131445143E-014
       469,2.400021775E+000,2.700022847E+000,3.338317443E-014
       470,2.299947591E+000,2.700025071E+000,1.639225255E-014
       471,2.199837128E+000,2.700038930E+000,9.704578449E-015
       472,2.099661675E+000,2.700066484E+000,6.808515205E-015
       473,1.999388936E+000,2.700120553E+000,5.416920540E-015
       474,1.898996356E+000,2.700239379E+000,4.575776166E-015
       475,1.798496385E+000,2.700503060E+000,3.742149209E-015
       476,1.697968438E+000,2.701033020E+000,2.595419700E-015
       477,1.597583928E+000,2.701939893E+000,1.268436815E-015
       478,1.497586374E+000,2.703190366E+000,3.367674885E-016
       479,1.398144354E+000,2.704466346E+000,2.831429972E-017
       480,1.299159966E+000,2.705269023E+000,1.460387113E-019
       481,1.200286711E+000,2.705295141E+000,0.000000000E+000
       482,1.101132423E+000,2.704638591E+000,0.000000000E+000
       483,1.001445668E+000,2.703542123E+000,0.000000000E+000
       484,9.012237427E-001,2.702220874E+000,0.000000000E+000
       485,8.006269442E-001,2.700976130E+000,0.000000000E+000
       486,6.997999774E-001,2.699961925E+000,0.000000000E+000
       487,5.989356032E-001,2.699362399E+000,0.000000000E+000
       488,4.982645752E-001,2.699145901E+000,0.000000000E+000
       489,3.700415468E+000,2.992880899E-001,1.040882466E-006
       490,3.700385585E+000,3.993076003E-001,8.091717064E-006
       491,3.700322199E+000,4.994604667E-001,4.901668945E-005
       492,3.700261364E+000,5.997498123E-001,2.389531437E-004
       493,3.700238358E+000,7.002012787E-001,9.547605296E-004
       494,3.700312427E+000,8.008381655E-001,3.144340822E-003
       495,3.700598894E+000,9.016520292E-001,8.494777605E-003
       496,3.701274089E+000,1.002554849E+000,1.875608787E-002
       497,3.702517104E+000,1.103321633E+000,3.429175913E-002
       498,3.704327391E+000,1.203601578E+000,5.365083367E-002
       499,3.706318877E+000,1.303111245E+000,7.477887720E-002
       500,3.707829246E+000,1.401876097E+000,9.509824216E-002
       501,3.708344387E+000,1.500245406E+000,1.107362434E-001
       502,3.707784876E+000,1.598686607E+000,1.093541905E-001
       503,3.706460653E+000,1.697564242E+000,8.870002627E-002
       504,3.704839416E+000,1.797028803E+000,6.172640994E-002
       505,3.703318488E+000,1.897031855E+000,3.669072315E-002
       506,3.702116231E+000,1.997416145E+000,1.822392642E-002
       507,3.701285934E+000,2.098009809E+000,7.427541073E-003
       508,3.700783340E+000,2.198678746E+000,2.486612415E-003
       509,3.700533478E+000,2.299325106E+000,6.921985769E-004
       510,3.700447986E+000,2.399873809E+000,1.610227337E-004
       511,3.700439668E+000,2.500262037E+000,3.102709525E-005
       512,3.700432483E+000,2.600457303E+000,4.849249308E-006
       513,3.915787197E-001,2.851949016E-001,7.198605924E-022
       514,4.914199435E-001,2.862323686E-001,0.000000000E+000
       515,5.916253743E-001,2.873047153E-001,2.190337039E-017
       516,6.919222226E-001,2.886349581E-001,1.131244794E-016
       517,7.923114341E-001,2.902865242E-001,3.015379588E-016
       518,8.928724006E-001,2.921572564E-001,5.569788494E-016
       519,9.936377030E-001,2.940454974E-001,8.225429483E-016
       520,1.094570685E+000,2.957237441E-001,1.050413605E-015
       521,1.195569828E+000,2.970755729E-001,1.205223593E-015
       522,1.296531950E+000,2.980772816E-001,1.279113030E-015
       523,1.397383669E+000,2.987707665E-001,1.311190697E-015
       524,1.498089148E+000,2.992274794E-001,1.340510425E-015
       525,1.598643361E+000,2.995189139E-001,1.371785740E-015
       526,1.699060423E+000,2.997020979E-001,1.406873868E-015
       527,1.799363376E+000,2.998170369E-001,1.448683732E-015
       528,1.899577322E+000,2.998894763E-001,1.510340848E-015
       529,1.999725338E+000,2.999350582E-001,1.721236700E-015
       530,2.099826851E+000,2.999632528E-001,2.594260112E-015
       531,2.199898016E+000,2.999800257E-001,5.936295733E-015
       532,2.299953043E+000,2.999889143E-001,1.778430715E-014
       533,2.400005446E+000,2.999905391E-001,5.705479085E-014
       534,2.500068216E+000,2.999804743E-001,1.820511922E-013
       535,2.600151610E+000,2.999462772E-001,5.846612799E-013
       536,2.700257546E+000,2.998675224E-001,1.986462210E-012
       537,2.800372814E+000,2.997250623E-001,7.475235708E-012
       538,2.900467764E+000,2.995225984E-001,3.098745219E-011
       539,3.000513086E+000,2.993052277E-001,1.318855164E-010
       540,3.100511994E+000,2.991495939E-001,5.391450619E-010
       541,3.200499655E+000,2.990734741E-001,2.059437731E-009
       542,3.300504522E+000,2.990602438E-001,7.424394877E-009
       543,3.400515591E+000,2.990792930E-001,2.588240555E-008
       544,3.500508245E+000,2.991263851E-001,8.907608873E-008
       545,3.600463458E+000,2.992090402E-001,3.059606115E-007
       546,4.721126766E-001,1.638865488E+000,1.283987463E-001
       547,5.395605769E-001,1.554011448E+000,1.346698552E-001
       548,5.526039781E-001,1.631645242E+000,1.284445226E-001
       549,5.197386622E-001,1.479332980E+000,1.147696599E-001
       550,4.929680709E-001,1.407345018E+000,9.006528556E-002
       551,4.615623514E-001,1.335502731E+000,6.187039614E-002
       552,4.285711989E-001,1.261045058E+000,3.269440681E-002
       553,3.982866014E-001,1.182021673E+000,9.328949265E-003
       554,3.762138811E-001,1.099711657E+000,2.668378875E-004
       555,3.632779500E-001,1.017795876E+000,6.884375239E-007
       556,3.614107053E-001,9.343688969E-001,1.860034016E-009
       557,3.645882174E-001,8.470983668E-001,1.556320177E-011
       558,3.693459646E-001,7.564559599E-001,2.679196112E-013
       559,3.743481948E-001,6.636497735E-001,7.851280525E-015
       560,3.792017318E-001,5.696545519E-001,2.791470664E-016
       561,3.837936247E-001,4.750491151E-001,2.164258102E-018
       562,3.879999454E-001,3.801573134E-001,4.648998996E-020
       563,3.600443855E+000,3.992170555E-001,2.679890031E-006
       564,3.600383937E+000,4.994048493E-001,1.835946750E-005
       565,3.600329802E+000,5.998070159E-001,1.019513002E-004
       566,3.600328779E+000,7.004525266E-001,4.688190820E-004
       567,3.600464070E+000,8.013488723E-001,1.797127654E-003
       568,3.600879198E+000,9.024346202E-001,5.677516107E-003
       569,3.601782637E+000,1.003546964E+000,1.445411425E-002
       570,3.603364102E+000,1.104383079E+000,2.947642282E-002
       571,3.605570794E+000,1.204558048E+000,4.957365617E-002
       572,3.607914873E+000,1.303816878E+000,7.228142768E-002
       573,3.609651878E+000,1.402239616E+000,9.428342432E-002
       574,3.610229775E+000,1.500228342E+000,1.107049659E-001
       575,3.609569803E+000,1.598304294E+000,1.088823751E-001
       576,3.608017205E+000,1.696886002E+000,8.625867963E-002
       577,3.606096786E+000,1.796167262E+000,5.653306469E-002
       578,3.604264914E+000,1.896120537E+000,3.023184091E-002
       579,3.602784145E+000,1.996583070E+000,1.289085485E-002
       580,3.601731078E+000,2.097353749E+000,4.383408930E-003
       581,3.601078781E+000,2.198239494E+000,1.226682449E-003
       582,3.600737330E+000,2.299088742E+000,2.907511953E-004
       583,3.600593147E+000,2.399780757E+000,5.863741171E-005
       584,3.600542146E+000,2.500250532E+000,9.922639038E-006
       585,3.600506743E+000,2.600489484E+000,1.373902137E-006
       586,3.500534897E+000,2.600538816E+000,3.984379191E-007
       587,3.400533554E+000,2.600582977E+000,1.191139418E-007
       588,3.300535705E+000,2.600620613E+000,3.634584544E-008
       589,3.200548171E+000,2.600617815E+000,1.124077986E-008
       590,3.100552271E+000,2.600559104E+000,3.511182456E-009
       591,3.000528326E+000,2.600453100E+000,1.108328429E-009
       592,2.900471272E+000,2.600332603E+000,3.547643013E-010
       593,2.800390330E+000,2.600223900E+000,1.166360758E-010
       594,2.700298454E+000,2.600140165E+000,4.034423490E-011
       595,2.600203842E+000,2.600084543E+000,1.514816744E-011
       596,2.500106214E+000,2.600055832E+000,6.340309788E-012
       597,2.399996451E+000,2.600052550E+000,2.997032093E-012
       598,2.299857398E+000,2.600073215E+000,1.605879600E-012
       599,2.199663995E+000,2.600115406E+000,9.780262537E-013
       600,2.099384481E+000,2.600179319E+000,6.760022772E-013
       601,1.998988013E+000,2.600279439E+000,5.195507110E-013
       602,1.898463597E+000,2.600463449E+000,4.215395394E-013
       603,1.797849693E+000,2.600829368E+000,3.306021906E-013
       604,1.697263946E+000,2.601517391E+000,2.207892072E-013
       605,1.596913986E+000,2.602636000E+000,1.060695585E-013
       606,1.497041903E+000,2.604105675E+000,2.912251061E-014
       607,1.397761902E+000,2.605540065E+000,2.936376719E-015
       608,1.298908972E+000,2.606417617E+000,8.909520192E-018
       609,1.200038888E+000,2.606471185E+000,0.000000000E+000
       610,1.100722008E+000,2.605683678E+000,0.000000000E+000
       611,1.000783160E+000,2.604238128E+000,0.000000000E+000
       612,9.003017814E-001,2.602631434E+000,0.000000000E+000
       613,7.994717166E-001,2.601053837E+000,0.000000000E+000
       614,6.984415201E-001,2.599888968E+000,0.000000000E+000
       615,5.974892103E-001,2.599130473E+000,0.000000000E+000
       616,4.968448438E-001,2.598833272E+000,0.000000000E+000
       617,4.873594380E-001,3.818559458E-001,6.083963036E-018
       618,5.873412594E-001,3.837337068E-001,2.597587045E-015
       619,6.877003496E-001,3.858429683E-001,9.696693420E-015
       620,7.883545030E-001,3.881039230E-001,1.809614910E-014
       621,8.893104283E-001,3.904672470E-001,2.520819857E-014
       622,9.905527103E-001,3.926624725E-001,3.101792640E-014
       623,1.091996929E+000,3.945907660E-001,3.555447562E-014
       624,1.193487100E+000,3.961682561E-001,3.885765678E-014
       625,1.294885667E+000,3.973682199E-001,4.093479841E-014
       626,1.396106063E+000,3.982283732E-001,4.267197151E-014
       627,1.497112773E+000,3.988199309E-001,4.520299066E-014
       628,1.597907450E+000,3.992177760E-001,4.895929379E-014
       629,1.698513170E+000,3.994839223E-001,5.443260385E-014
       630,1.798962351E+000,3.996630625E-001,6.306274134E-014
       631,1.899288853E+000,3.997844786E-001,8.535185091E-014
       632,1.999523441E+000,3.998664109E-001,1.583035867E-013
       633,2.099692547E+000,3.999204764E-001,3.750920744E-013
       634,2.199819246E+000,3.999544480E-001,9.614913032E-013
       635,2.299924722E+000,3.999729627E-001,2.459391631E-012
       636,2.400028832E+000,3.999761594E-001,6.159584127E-012
       637,2.500148414E+000,3.999565133E-001,1.532022252E-011
       638,2.600292213E+000,3.998959761E-001,3.944522139E-011
       639,2.700453100E+000,3.997689322E-001,1.103949918E-010
       640,2.800600951E+000,3.995601602E-001,3.412695682E-010
       641,2.900690382E+000,3.992976798E-001,1.118979354E-009
       642,3.000695776E+000,3.990761911E-001,3.679291316E-009
       643,3.100640766E+000,3.989573357E-001,1.166000185E-008
       644,3.200579577E+000,3.989550377E-001,3.534209014E-008
       645,3.300539840E+000,3.990142588E-001,1.038706188E-007
       646,3.400513146E+000,3.990917580E-001,3.028265496E-007
       647,3.500476470E+000,3.991715169E-001,8.939675240E-007
       648,4.948028977E-001,2.499048866E+000,0.000000000E+000
       649,4.919167105E-001,2.400908831E+000,0.000000000E+000
       650,4.883427382E-001,2.305126064E+000,0.000000000E+000
       651,4.844588315E-001,2.212211763E+000,0.000000000E+000
       652,4.808359199E-001,2.122476153E+000,3.344308845E-015
       653,4.779317122E-001,2.035919122E+000,3.005107664E-012
       654,4.760390607E-001,1.952219605E+000,2.757836626E-009
       655,4.753227902E-001,1.870699889E+000,2.571371851E-006
       656,4.753622213E-001,1.791026703E+000,2.681618324E-003
       657,4.749707138E-001,1.713340240E+000,5.928598717E-002
       658,5.603800603E-001,1.710453598E+000,6.705079973E-002
       659,6.369669128E-001,1.619575243E+000,1.284019202E-001
       660,6.488820107E-001,1.703163104E+000,7.722821832E-002
       661,6.199844122E-001,1.537592458E+000,1.295973510E-001
       662,5.976137048E-001,1.458436107E+000,1.073804274E-001
       663,5.706621824E-001,1.381604337E+000,8.078644425E-002
       664,5.411265051E-001,1.306054719E+000,5.232882500E-002
       665,5.111839277E-001,1.230286722E+000,2.553630434E-002
       666,4.828119904E-001,1.154038719E+000,6.678048987E-003
       667,4.581830054E-001,1.079351737E+000,1.848249231E-004
       668,4.403502601E-001,1.008946706E+000,7.968739055E-007
       669,4.449216954E-001,9.345308792E-001,3.075852240E-009
       670,4.538557695E-001,8.507884445E-001,1.703793218E-010
       671,4.626310304E-001,7.609599868E-001,1.492658774E-011
       672,4.703002289E-001,6.678186220E-001,8.493339495E-013
       673,4.768985465E-001,5.730677084E-001,3.108386283E-014
       674,4.825654913E-001,4.775900603E-001,8.055391325E-016
       675,3.500429365E+000,4.993855967E-001,7.040235687E-006
       676,3.500391778E+000,5.998835588E-001,4.510217332E-005
       677,3.500425144E+000,7.007126379E-001,2.403303952E-004
       678,3.500628679E+000,8.018427337E-001,1.072471379E-003
       679,3.501175164E+000,9.031613092E-001,3.946531098E-003
       680,3.502290759E+000,1.004427745E+000,1.152328402E-002
       681,3.504153646E+000,1.105284356E+000,2.600982599E-002
       682,3.506651156E+000,1.205341934E+000,4.659957811E-002
       683,3.509230141E+000,1.304382151E+000,7.049659640E-002
       684,3.511113608E+000,1.402524239E+000,9.373987466E-002
       685,3.511737999E+000,1.500201668E+000,1.107006893E-001
       686,3.511022393E+000,1.597972439E+000,1.085438579E-001
       687,3.509324960E+000,1.696299365E+000,8.444028348E-002
       688,3.507197697E+000,1.795417657E+000,5.265238881E-002
       689,3.505126033E+000,1.895326811E+000,2.561484277E-002
       690,3.503398870E+000,1.995870231E+000,9.459516965E-003
       691,3.502144645E+000,2.096801890E+000,2.708525630E-003
       692,3.501350083E+000,2.197885791E+000,6.399753620E-004
       693,3.500911773E+000,2.298901950E+000,1.295501424E-004
       694,3.500698056E+000,2.399704450E+000,2.250916623E-005
       695,3.500591512E+000,2.500229411E+000,3.302009191E-006
       696,3.400609629E+000,2.500279487E+000,1.151688707E-006
       697,3.300633256E+000,2.500337762E+000,4.189619176E-007
       698,3.200663253E+000,2.500377232E+000,1.575008639E-007
       699,3.100679553E+000,2.500364913E+000,6.086408888E-008
       700,3.000658564E+000,2.500315230E+000,2.401958277E-008
       701,2.900595207E+000,2.500246114E+000,9.648177368E-009
       702,2.800497277E+000,2.500179037E+000,3.963066320E-009
       703,2.700376876E+000,2.500125025E+000,1.695102836E-009
       704,2.600240847E+000,2.500091436E+000,7.745616926E-010
       705,2.500087010E+000,2.500086203E+000,3.860713971E-010
       706,2.399905370E+000,2.500116708E+000,2.110183556E-010
       707,2.299679663E+000,2.500185259E+000,1.256993815E-010
       708,2.199386618E+000,2.500287279E+000,8.124064615E-011
       709,2.098997276E+000,2.500418803E+000,5.697604888E-011
       710,1.998487772E+000,2.500593917E+000,4.297947068E-011
       711,1.897862769E+000,2.500867092E+000,3.362175816E-011
       712,1.797185605E+000,2.501347512E+000,2.533713517E-011
       713,1.696599255E+000,2.502178367E+000,1.649498593E-011
       714,1.596310975E+000,2.503445439E+000,8.063634829E-012
       715,1.496511470E+000,2.505023575E+000,2.462371019E-012
       716,1.397221101E+000,2.506507039E+000,3.389633951E-013
       717,1.298126206E+000,2.507432661E+000,3.524712464E-015
       718,1.198832633E+000,2.507510879E+000,2.903612267E-016
       719,1.099043432E+000,2.506640012E+000,5.294753653E-017
       720,9.987042814E-001,2.505233148E+000,2.515928563E-018
       721,8.979979220E-001,2.503541405E+000,0.000000000E+000
       722,7.970279041E-001,2.502029223E+000,0.000000000E+000
       723,6.959916854E-001,2.500813962E+000,0.000000000E+000
       724,5.951535193E-001,2.499932014E+000,0.000000000E+000
       725,5.821007845E-001,4.804984242E-001,1.900756435E-013
       726,6.823766207E-001,4.835196073E-001,5.438117404E-013
       727,7.832830625E-001,4.864939752E-001,7.809699610E-013
       728,8.847181273E-001,4.890803415E-001,8.879452620E-013
       729,9.865858259E-001,4.913835304E-001,9.510593268E-013
       730,1.088692515E+000,4.934059466E-001,1.026103573E-012
       731,1.190810860E+000,4.951187272E-001,1.236645552E-012
       732,1.292766608E+000,4.964857628E-001,1.706068988E-012
       733,1.394454749E+000,4.975129374E-001,2.456243976E-012
       734,1.495839571E+000,4.982557056E-001,3.619238156E-012
       735,1.596933604E+000,4.987834422E-001,5.356515145E-012
       736,1.697774282E+000,4.991576291E-001,7.759641887E-012
       737,1.798407745E+000,4.994245854E-001,1.214510437E-011
       738,1.898879412E+000,4.996158142E-001,2.157263430E-011
       739,1.999229664E+000,4.997517617E-001,4.072370219E-011
       740,2.099493443E+000,4.998460121E-001,7.772352900E-011
       741,2.199701539E+000,4.999078730E-001,1.474952521E-010
       742,2.299881683E+000,4.999427962E-001,2.778990926E-010
       743,2.400057741E+000,4.999503894E-001,5.243276924E-010
       744,2.500245790E+000,4.999209513E-001,1.017404383E-009
       745,2.600447575E+000,4.998341950E-001,2.128214494E-009
       746,2.700642640E+000,4.996686296E-001,4.924210373E-009
       747,2.800789031E+000,4.994365400E-001,1.223310075E-008
       748,2.900845281E+000,4.992175512E-001,3.118178782E-008
       749,3.000805378E+000,4.990824291E-001,7.872468899E-008
       750,3.100712159E+000,4.990825043E-001,1.943031833E-007
       751,3.200616247E+000,4.991742571E-001,4.703264267E-007
       752,3.300541771E+000,4.992926825E-001,1.133414798E-006
       753,3.400480222E+000,4.993837371E-001,2.783702712E-006
       754,5.920437914E-001,2.402158251E+000,0.000000000E+000
       755,5.880875699E-001,2.307030912E+000,0.000000000E+000
       756,5.836352786E-001,2.214977188E+000,1.155689768E-016
       757,5.792364601E-001,2.125956288E+000,3.937671857E-014
       758,5.752280663E-001,2.039664998E+000,2.504670950E-011
       759,5.717299885E-001,1.955342293E+000,1.690275475E-008
       760,5.686036130E-001,1.872514123E+000,1.141259509E-005
       761,5.652159254E-001,1.790571022E+000,9.542712010E-003
       762,6.567486923E-001,1.786687056E+000,1.907099411E-002
       763,7.389367907E-001,1.691782632E+000,8.668409288E-002
       764,7.497080361E-001,1.779343738E+000,2.986028790E-002
       765,7.240660571E-001,1.604907474E+000,1.277252585E-001
       766,7.044695678E-001,1.519917308E+000,1.244741306E-001
       767,6.804592095E-001,1.437487702E+000,1.005703211E-001
       768,6.534224204E-001,1.357523416E+000,7.287060469E-002
       769,6.250620927E-001,1.279171790E+000,4.458805174E-002
       770,5.963488369E-001,1.201239925E+000,2.006841451E-002
       771,5.668911169E-001,1.124100832E+000,4.869379103E-003
       772,5.348940952E-001,1.052713169E+000,1.169799652E-004
       773,4.993076819E-001,1.002383466E+000,8.500107356E-007
       774,5.257497694E-001,9.431393563E-001,2.671498862E-007
       775,5.447173003E-001,8.594994798E-001,6.726646262E-008
       776,5.579341436E-001,7.676077030E-001,7.558945470E-009
       777,5.678244576E-001,6.729343771E-001,3.421037620E-010
       778,5.756682011E-001,5.770016568E-001,8.963323139E-012
       779,3.400467202E+000,5.999479345E-001,2.085390588E-005
       780,3.400534518E+000,7.009095026E-001,1.298597344E-004
       781,3.400805774E+000,8.022327977E-001,6.755141076E-004
       782,3.401472432E+000,9.037390099E-001,2.878938103E-003
       783,3.402781742E+000,1.005138189E+000,9.545823559E-003
       784,3.404883966E+000,1.106022521E+000,2.356342413E-002
       785,3.407615537E+000,1.205998455E+000,4.448371381E-002
       786,3.410379473E+000,1.304865197E+000,6.925076991E-002
       787,3.412382381E+000,1.402763596E+000,9.338021278E-002
       788,3.413053131E+000,1.500161160E+000,1.107067913E-001
       789,3.412306418E+000,1.597663302E+000,1.083084717E-001
       790,3.410505089E+000,1.695778908E+000,8.312841505E-002
       791,3.408203765E+000,1.794778996E+000,4.984877259E-002
       792,3.405893121E+000,1.894688725E+000,2.241020836E-002
       793,3.403939189E+000,1.995322746E+000,7.288150024E-003
       794,3.402506340E+000,2.096415608E+000,1.784457825E-003
       795,3.401584832E+000,2.197657048E+000,3.591823624E-004
       796,3.401055747E+000,2.298792615E+000,6.198599294E-005
       797,3.400772500E+000,2.399661857E+000,9.185808267E-006
       798,3.300801822E+000,2.399702738E+000,3.965841643E-006
       799,3.200831211E+000,2.399756582E+000,1.800069185E-006
       800,3.100836498E+000,2.399813502E+000,8.520698884E-007
       801,3.000799137E+000,2.399860893E+000,4.166191729E-007
       802,2.900709629E+000,2.399910157E+000,2.083386761E-007
       803,2.800577208E+000,2.399955136E+000,1.063967616E-007
       804,2.700410221E+000,2.399998818E+000,5.598156605E-008
       805,2.600211704E+000,2.400048691E+000,3.088537426E-008
       806,2.499977746E+000,2.400122402E+000,1.812091988E-008
       807,2.399700914E+000,2.400239340E+000,1.132798921E-008
       808,2.299370970E+000,2.400407058E+000,7.489422416E-009
       809,2.198971136E+000,2.400618214E+000,5.207290599E-009
       810,2.098478809E+000,2.400863814E+000,3.802283821E-009
       811,1.997879222E+000,2.401156978E+000,2.895037543E-009
       812,1.897190470E+000,2.401556249E+000,2.235966523E-009
       813,1.796487728E+000,2.402173232E+000,1.656015436E-009
       814,1.695901406E+000,2.403137525E+000,1.086178036E-009
       815,1.595585490E+000,2.404495090E+000,5.730033670E-010
       816,1.495617162E+000,2.406085849E+000,2.165625596E-010
       817,1.395854907E+000,2.407535420E+000,4.825920566E-011
       818,1.296065554E+000,2.408532103E+000,3.502303916E-012
       819,1.196013066E+000,2.408770507E+000,2.764129258E-013
       820,1.095611004E+000,2.408258493E+000,5.241016022E-014
       821,9.949599807E-001,2.407231130E+000,6.354021889E-015
       822,8.941264795E-001,2.406054355E+000,2.916359848E-016
       823,7.932383729E-001,2.404916431E+000,5.696683277E-018
       824,6.924434958E-001,2.403807585E+000,0.000000000E+000
       825,6.756757024E-001,5.812065495E-001,2.189829047E-011
       826,7.768701914E-001,5.846208889E-001,2.609717997E-011
       827,8.789082934E-001,5.872736859E-001,2.672104205E-011
       828,9.814973399E-001,5.895179397E-001,2.732514735E-011
       829,1.084353562E+000,5.915944441E-001,3.260125850E-011
       830,1.187236285E+000,5.935180537E-001,1.030327421E-010
       831,1.289908631E+000,5.951631206E-001,3.712787300E-010
       832,1.392217357E+000,5.964619440E-001,8.914252669E-010
       833,1.494110771E+000,5.974403025E-001,1.585294895E-009
       834,1.595608570E+000,5.981617022E-001,2.386479236E-009
       835,1.696765196E+000,5.986908766E-001,3.318665120E-009
       836,1.797645264E+000,5.990802095E-001,4.485986249E-009
       837,1.898310789E+000,5.993674126E-001,6.058906266E-009
       838,1.998816375E+000,5.995781110E-001,8.274827046E-009
       839,2.099208779E+000,5.997293419E-001,1.146020878E-008
       840,2.199527769E+000,5.998321470E-001,1.609102540E-008
       841,2.299806268E+000,5.998923346E-001,2.295363721E-008
       842,2.400067922E+000,5.999089163E-001,3.369288137E-008
       843,2.500322345E+000,5.998728220E-001,5.280467974E-008
       844,2.600559897E+000,5.997717698E-001,9.171773740E-008
       845,2.700754063E+000,5.996291034E-001,1.730848282E-007
       846,2.800872681E+000,5.995154709E-001,3.394841315E-007
       847,2.900897726E+000,5.994689199E-001,6.696722039E-007
       848,3.000846470E+000,5.995356062E-001,1.313645043E-006
       849,3.100752881E+000,5.996825017E-001,2.564839860E-006
       850,3.200653766E+000,5.998549175E-001,5.022626738E-006
       851,3.300561076E+000,5.999798403E-001,1.005515242E-005
       852,6.626087982E-001,1.870607421E+000,7.753220852E-004
       853,7.573250056E-001,1.865946140E+000,3.562258091E-003
       854,8.431920659E-001,1.768592592E+000,4.063662887E-002
       855,8.527694534E-001,1.858690981E+000,8.292187937E-003
       856,8.303537571E-001,1.678406001E+000,9.399308264E-002
       857,8.133360819E-001,1.589038395E+000,1.264401525E-001
       858,7.919269313E-001,1.502011777E+000,1.195283830E-001
       859,7.670307856E-001,1.417376918E+000,9.443704039E-002
       860,7.402707660E-001,1.335412233E+000,6.620103121E-002
       861,7.133331719E-001,1.254730328E+000,3.853913397E-002
       862,6.867401335E-001,1.173066833E+000,1.620144956E-002
       863,6.588886365E-001,1.086924055E+000,3.746669041E-003
       864,6.214421636E-001,9.865507840E-001,6.269222649E-005
       865,6.444440195E-001,8.746585305E-001,1.726190817E-007
       866,6.577197144E-001,7.752320174E-001,1.568606578E-008
       867,6.676033327E-001,6.780958368E-001,7.038680194E-010
       868,6.881441742E-001,2.308954454E+000,4.736565889E-017
       869,6.830811214E-001,2.217138442E+000,8.157929322E-015
       870,6.778304623E-001,2.128126324E+000,4.288895628E-012
       871,6.727057237E-001,2.041069000E+000,1.494109281E-009
       872,6.677142549E-001,1.955156291E+000,7.885071795E-007
       873,3.300659608E+000,7.010183498E-001,7.385270874E-005
       874,3.300978412E+000,8.024634263E-001,4.490417487E-004
       875,3.301747813E+000,9.041335527E-001,2.204771154E-003
       876,3.303218717E+000,1.005668358E+000,8.206943981E-003
       877,3.305541729E+000,1.106629174E+000,2.185927890E-002
       878,3.308504117E+000,1.206575702E+000,4.301217943E-002
       879,3.311473415E+000,1.305294059E+000,6.840030849E-002
       880,3.313621545E+000,1.402950670E+000,9.314197302E-002
       881,3.314352230E+000,1.500075352E+000,1.107135788E-001
       882,3.313573349E+000,1.597336973E+000,1.081546098E-001
       883,3.311636315E+000,1.695297845E+000,8.221513033E-002
       884,3.309087284E+000,1.794255293E+000,4.787173122E-002
       885,3.306524837E+000,1.894214002E+000,2.021040954E-002
       886,3.304365110E+000,1.994977041E+000,5.898985080E-003
       887,3.302789626E+000,2.096205244E+000,1.254402334E-003
       888,3.301769029E+000,2.197550477E+000,2.163112076E-004
       889,3.301167835E+000,2.298737142E+000,3.169422780E-005
       890,3.201178432E+000,2.298764407E+000,1.717243686E-005
       891,3.101148166E+000,2.298857213E+000,9.794043763E-006
       892,3.001051741E+000,2.299018947E+000,5.825069820E-006
       893,2.900892853E+000,2.299219898E+000,3.565113502E-006
       894,2.800675270E+000,2.299446622E+000,2.225188837E-006
       895,2.700411426E+000,2.299671983E+000,1.417019121E-006
       896,2.600101600E+000,2.299898834E+000,9.260845104E-007
       897,2.499744635E+000,2.300146887E+000,6.261315093E-007
       898,2.399341688E+000,2.300440442E+000,4.387839283E-007
       899,2.298892044E+000,2.300787791E+000,3.177363794E-007
       900,2.198385417E+000,2.301177271E+000,2.374885781E-007
       901,2.097803433E+000,2.301596652E+000,1.831028982E-007
       902,1.997135605E+000,2.302061106E+000,1.444082329E-007
       903,1.896399749E+000,2.302633728E+000,1.136950019E-007
       904,1.795643253E+000,2.303421741E+000,8.631489834E-008
       905,1.694928728E+000,2.304510471E+000,6.068482605E-008
       906,1.594303166E+000,2.305896988E+000,3.789896041E-008
       907,1.493711123E+000,2.307402114E+000,2.008850153E-008
       908,1.393040730E+000,2.308852656E+000,8.257464046E-009
       909,1.292204937E+000,2.310050009E+000,2.177282798E-009
       910,1.191248142E+000,2.310775452E+000,2.773698771E-010
       911,1.090318126E+000,2.311075222E+000,5.827421184E-011
       912,9.894757006E-001,2.311092542E+000,7.110123688E-012
       913,8.887742720E-001,2.310943868E+000,2.094414323E-013
       914,7.882481099E-001,2.310507545E+000,3.474849752E-015
       915,7.694020267E-001,6.818114947E-001,7.177069494E-010
       916,8.722025622E-001,6.841884914E-001,7.305205885E-010
       917,9.754625443E-001,6.861997090E-001,7.440164040E-010
       918,1.079006596E+000,6.884111419E-001,1.878780465E-009
       919,1.182666272E+000,6.907924976E-001,1.578914777E-008
       920,1.286140153E+000,6.929960559E-001,6.249701556E-008
       921,1.389203210E+000,6.948253847E-001,1.455822911E-007
       922,1.491754849E+000,6.962362168E-001,2.476973577E-007
       923,1.593796666E+000,6.972839184E-001,3.505270456E-007
       924,1.695387215E+000,6.980512329E-001,4.462958714E-007
       925,1.796606646E+000,6.986135110E-001,5.370920348E-007
       926,1.897536545E+000,6.990284067E-001,6.303203008E-007
       927,1.998251006E+000,6.993359511E-001,7.345486779E-007
       928,2.098813407E+000,6.995614575E-001,8.575080983E-007
       929,2.199274833E+000,6.997189583E-001,1.007423180E-006
       930,2.299671717E+000,6.998137119E-001,1.201240138E-006
       931,2.400022337E+000,6.998452437E-001,1.490824616E-006
       932,2.500325671E+000,6.998168916E-001,2.001937446E-006
       933,2.600571094E+000,6.997866460E-001,2.919299050E-006
       934,2.700751679E+000,6.998570453E-001,4.472084584E-006
       935,2.800860697E+000,7.000215533E-001,6.964763998E-006
       936,2.900912658E+000,7.002793797E-001,1.088429690E-005
       937,3.000909224E+000,7.005662431E-001,1.708567288E-005
       938,3.100864539E+000,7.008379500E-001,2.708019565E-005
       939,3.200786186E+000,7.010293287E-001,4.391908806E-005
       940,7.826100235E-001,2.218356400E+000,1.947234258E-012
       941,7.764948166E-001,2.128500052E+000,4.571899803E-010
       942,7.702663821E-001,2.040112436E+000,2.857037771E-007
       943,7.639044373E-001,1.952479955E+000,8.861965762E-005
       944,8.606073947E-001,1.947560608E+000,5.548872869E-004
       945,9.493398842E-001,1.849186258E+000,1.388521679E-002
       946,9.583801970E-001,1.941011676E+000,1.585097518E-003
       947,9.382276554E-001,1.756722619E+000,5.025587603E-002
       948,9.236436965E-001,1.664280644E+000,9.933402389E-002
       949,9.047517022E-001,1.573291461E+000,1.247294769E-001
       950,8.819375334E-001,1.484520240E+000,1.148183346E-001
       951,8.564668877E-001,1.398750547E+000,8.891908079E-002
       952,8.298905744E-001,1.315717558E+000,6.057002023E-002
       953,8.044366457E-001,1.234346923E+000,3.402405232E-002
       954,7.824780058E-001,1.152037078E+000,1.375215035E-002
       955,7.640532225E-001,1.065842194E+000,3.032871755E-003
       956,7.512281937E-001,9.728127613E-001,7.593963528E-005
       957,7.545212296E-001,8.750957828E-001,2.283788376E-007
       958,7.617290688E-001,7.781498906E-001,1.565672569E-008
       959,3.201131743E+000,8.025464370E-001,3.132722923E-004
       960,3.201952480E+000,9.043326203E-001,1.764184912E-003
       961,3.203552882E+000,1.006030045E+000,7.287847344E-003
       962,3.206073979E+000,1.107099206E+000,2.067490481E-002
       963,3.209311027E+000,1.207046485E+000,4.199776798E-002
       964,3.212555993E+000,1.305627125E+000,6.781742722E-002
       965,3.214899682E+000,1.403046295E+000,9.297542274E-002
       966,3.215672114E+000,1.499914873E+000,1.107151136E-001
       967,3.214796927E+000,1.596987992E+000,1.080600917E-001
       968,3.212588843E+000,1.694869620E+000,8.159375191E-002
       969,3.209742136E+000,1.793854262E+000,4.648875818E-002
       970,3.206933207E+000,1.893932795E+000,1.868753321E-002
       971,3.204618225E+000,1.994829092E+000,4.981387407E-003
       972,3.202949772E+000,2.096152316E+000,9.324966231E-004
       973,3.201873111E+000,2.197523329E+000,1.383993076E-004
       974,3.101788552E+000,2.197590973E+000,9.313631745E-005
       975,3.001601866E+000,2.197800384E+000,6.546760414E-005
       976,2.901305146E+000,2.198144049E+000,4.760567026E-005
       977,2.800925485E+000,2.198568381E+000,3.524327622E-005
       978,2.700473159E+000,2.199054440E+000,2.628926813E-005
       979,2.599958885E+000,2.199578396E+000,1.974074621E-005
       980,2.499398084E+000,2.200134437E+000,1.497527410E-005
       981,2.398814612E+000,2.200736535E+000,1.151019842E-005
       982,2.298220109E+000,2.201376556E+000,9.001000763E-006
       983,2.197603748E+000,2.202031440E+000,7.194325462E-006
       984,2.096938951E+000,2.202690762E+000,5.882260211E-006
       985,1.996201420E+000,2.203382839E+000,4.872990303E-006
       986,1.895372367E+000,2.204184192E+000,4.032693596E-006
       987,1.794393457E+000,2.205145911E+000,3.289313099E-006
       988,1.693274251E+000,2.206319194E+000,2.629873052E-006
       989,1.591963871E+000,2.207641682E+000,2.035776333E-006
       990,1.490389961E+000,2.209095609E+000,1.485644816E-006
       991,1.388507594E+000,2.210640627E+000,9.831239822E-007
       992,1.286508969E+000,2.212255818E+000,5.402246188E-007
       993,1.184711591E+000,2.213874011E+000,2.251997842E-007
       994,1.083430817E+000,2.215494517E+000,6.295939414E-008
       995,9.826610491E-001,2.217011049E+000,7.825031290E-009
       996,8.823378077E-001,2.218282819E+000,1.403741290E-010
       997,8.656799428E-001,7.794819429E-001,1.586347587E-008
       998,9.694190948E-001,7.808410745E-001,1.626236035E-008
       999,1.073264101E+000,7.831598801E-001,1.699295922E-007
      1000,1.177348276E+000,7.863163333E-001,1.248747253E-006
      1001,1.281460601E+000,7.895430135E-001,4.009580152E-006
      1002,1.385284939E+000,7.923267637E-001,8.118525329E-006
      1003,1.488607872E+000,7.944933913E-001,1.258253087E-005
      1004,1.591346359E+000,7.960796929E-001,1.658688780E-005
      1005,1.693519975E+000,7.972101970E-001,1.984658593E-005
      1006,1.795204355E+000,7.980134083E-001,2.249257886E-005
      1007,1.896495700E+000,7.985918663E-001,2.479271643E-005
      1008,1.997490412E+000,7.990171366E-001,2.698367462E-005
      1009,2.098273377E+000,7.993322687E-001,2.921695886E-005
      1010,2.198909360E+000,7.995568294E-001,3.165841190E-005
      1011,2.299436363E+000,7.996967959E-001,3.478753206E-005
      1012,2.399869161E+000,7.997701252E-001,3.969391037E-005
      1013,2.500212543E+000,7.998702881E-001,4.778593939E-005
      1014,2.600493987E+000,8.001541505E-001,6.008752098E-005
      1015,2.700719517E+000,8.006109715E-001,7.716364780E-005
      1016,2.800927250E+000,8.011727639E-001,9.976290312E-005
      1017,2.901098699E+000,8.017148137E-001,1.296706760E-004
      1018,3.001212920E+000,8.021687573E-001,1.702709997E-004
      1019,3.101242390E+000,8.024742001E-001,2.275739535E-004
      1020,8.754376963E-001,2.127023971E+000,1.422297373E-007
      1021,8.681740183E-001,2.036791321E+000,1.358651571E-005
      1022,9.670010584E-001,2.032246139E+000,7.330955850E-005
      1023,1.058037452E+000,1.933709872E+000,3.067660145E-003
      1024,1.067036556E+000,2.027277695E+000,2.025933354E-004
      1025,1.048047322E+000,1.839532219E+000,1.957559772E-002
      1026,1.035618628E+000,1.744846537E+000,5.839090049E-002
      1027,1.019304182E+000,1.650342926E+000,1.031613201E-001
      1028,9.984508457E-001,1.557472975E+000,1.226561964E-001
      1029,9.739632751E-001,1.467836039E+000,1.101751849E-001
      1030,9.478480145E-001,1.381066337E+000,8.364295214E-002
      1031,9.204702477E-001,1.297262664E+000,5.522971973E-002
      1032,8.946606375E-001,1.217259169E+000,3.035451472E-002
      1033,8.772077732E-001,1.137163347E+000,1.217911951E-002
      1034,8.656694089E-001,1.053669896E+000,2.582009649E-003
      1035,8.599641374E-001,9.654446354E-001,7.124135300E-005
      1036,8.611446186E-001,8.732854998E-001,2.841458127E-007
      1037,3.102068515E+000,9.043448306E-001,1.463674475E-003
      1038,3.103721057E+000,1.006163985E+000,6.636066362E-003
      1039,3.106435496E+000,1.107351781E+000,1.982951351E-002
      1040,3.109960003E+000,1.207325275E+000,4.127338156E-002
      1041,3.113495017E+000,1.305791687E+000,6.739158928E-002
      1042,3.115939996E+000,1.403013602E+000,9.284402430E-002
      1043,3.116697679E+000,1.499699185E+000,1.107116789E-001
      1044,3.115604626E+000,1.596670636E+000,1.080023423E-001
      1045,3.113095652E+000,1.694552605E+000,8.116166294E-002
      1046,3.109979662E+000,1.793650074E+000,4.549486563E-002
      1047,3.107012474E+000,1.893872268E+000,1.759452000E-002
      1048,3.104626529E+000,1.994878746E+000,4.345214460E-003
      1049,3.102942889E+000,2.096225538E+000,7.248281618E-004
      1050,3.002654502E+000,2.096388231E+000,5.830386654E-004
      1051,2.902187763E+000,2.096765795E+000,4.824607458E-004
      1052,2.801560558E+000,2.097369199E+000,4.056897014E-004
      1053,2.700794000E+000,2.098166038E+000,3.405548632E-004
      1054,2.599923668E+000,2.099088910E+000,2.837128704E-004
      1055,2.499025885E+000,2.100105233E+000,2.349486022E-004
      1056,2.398168531E+000,2.101168233E+000,1.945259719E-004
      1057,2.297378207E+000,2.102226890E+000,1.624042779E-004
      1058,2.196628909E+000,2.103236616E+000,1.378393936E-004
      1059,2.095860379E+000,2.104197540E+000,1.189955728E-004
      1060,1.994998398E+000,2.105171503E+000,1.038410555E-004
      1061,1.893869286E+000,2.106183928E+000,9.105182835E-005
      1062,1.792422072E+000,2.107280583E+000,8.068477473E-005
      1063,1.690595688E+000,2.108393086E+000,7.227853348E-005
      1064,1.588350793E+000,2.109647903E+000,6.424940511E-005
      1065,1.485593793E+000,2.111075389E+000,5.510840492E-005
      1066,1.382493254E+000,2.112880388E+000,4.310103395E-005
      1067,1.279482289E+000,2.115216295E+000,2.842700997E-005
      1068,1.177036693E+000,2.118005104E+000,1.498459187E-005
      1069,1.075630484E+000,2.121172561E+000,5.992446859E-006
      1070,9.751401688E-001,2.124337463E+000,1.500874987E-006
      1071,9.647845788E-001,8.730428567E-001,3.488400182E-007
      1072,1.067900205E+000,8.752250218E-001,1.018775038E-005
      1073,1.171495140E+000,8.796516814E-001,4.678107871E-005
      1074,1.275806808E+000,8.845189075E-001,1.122039248E-004
      1075,1.380303010E+000,8.888095123E-001,1.912275475E-004
      1076,1.484487356E+000,8.921390379E-001,2.664412023E-004
      1077,1.588082847E+000,8.945290827E-001,3.273114562E-004
      1078,1.691015463E+000,8.961672917E-001,3.726136347E-004
      1079,1.793319819E+000,8.972846317E-001,4.059924395E-004
      1080,1.895094039E+000,8.980621494E-001,4.319725558E-004
      1081,1.996456218E+000,8.986236779E-001,4.539919901E-004
      1082,2.097515970E+000,8.990407887E-001,4.744784092E-004
      1083,2.198354924E+000,8.993456496E-001,4.966359702E-004
      1084,2.299028351E+000,8.995740262E-001,5.262006307E-004
      1085,2.399574736E+000,8.998379182E-001,5.708113313E-004
      1086,2.500063879E+000,9.003169920E-001,6.354004145E-004
      1087,2.600512436E+000,9.010695690E-001,7.193920901E-004
      1088,2.700976455E+000,9.019776308E-001,8.197728312E-004
      1089,2.801437092E+000,9.028667930E-001,9.365141159E-004
      1090,2.901835701E+000,9.035969073E-001,1.076020533E-003
      1091,3.002087737E+000,9.041018570E-001,1.246188767E-003
      1092,1.168747171E+000,2.022560427E+000,3.975602158E-004
      1093,1.159696588E+000,1.926919536E+000,4.813112319E-003
      1094,1.149183788E+000,1.830562541E+000,2.493894845E-002
      1095,1.135792912E+000,1.733373638E+000,6.517390907E-002
      1096,1.117848254E+000,1.635992446E+000,1.058012247E-001
      1097,1.094334301E+000,1.540764553E+000,1.200611666E-001
      1098,1.066521548E+000,1.450894912E+000,1.053332090E-001
      1099,1.041024555E+000,1.362950491E+000,7.845670730E-002
      1100,1.011734443E+000,1.276374633E+000,4.897336289E-002
      1101,9.782447509E-001,1.201322286E+000,2.678804100E-002
      1102,9.675925833E-001,1.127178369E+000,1.167929545E-002
      1103,9.632576376E-001,1.047489271E+000,2.427595668E-003
      1104,9.627497119E-001,9.622821522E-001,7.036577153E-005
      1105,3.003735549E+000,1.005989385E+000,6.144308019E-003
      1106,3.006532131E+000,1.107279813E+000,1.917685382E-002
      1107,3.010215874E+000,1.207277555E+000,4.069881886E-002
      1108,3.013797573E+000,1.305680115E+000,6.704130024E-002
      1109,3.016228642E+000,1.402830208E+000,9.272779524E-002
      1110,3.016904400E+000,1.499484756E+000,1.107062250E-001
      1111,3.015580688E+000,1.596481370E+000,1.079599857E-001
      1112,3.012853043E+000,1.694490533E+000,8.082001656E-002
      1113,3.009635807E+000,1.793745357E+000,4.470858350E-002
      1114,3.006676862E+000,1.894085876E+000,1.674788445E-002
      1115,3.004358767E+000,1.995110808E+000,3.876185277E-003
      1116,1.063106020E+000,9.639594270E-001,3.185237292E-004
      1117,1.164710452E+000,9.706216544E-001,8.568789344E-004
      1118,1.268913781E+000,9.779441286E-001,1.473440207E-003
      1119,1.374110674E+000,9.843820346E-001,2.092653420E-003
      1120,1.479259892E+000,9.893187746E-001,2.620453481E-003
      1121,1.583874669E+000,9.927467051E-001,3.012168221E-003
      1122,1.687730501E+000,9.950289665E-001,3.283094149E-003
      1123,1.790802504E+000,9.965355231E-001,3.469548654E-003
      1124,1.893179595E+000,9.975487876E-001,3.603923600E-003
      1125,1.994997319E+000,9.982615561E-001,3.709192621E-003
      1126,2.096393261E+000,9.987881775E-001,3.803066211E-003
      1127,2.197490247E+000,9.992098856E-001,3.905058838E-003
      1128,2.298404550E+000,9.996474290E-001,4.037885927E-003
      1129,2.399257382E+000,1.000268484E+000,4.220828414E-003
      1130,2.500112427E+000,1.001198710E+000,4.455984104E-003
      1131,2.601020528E+000,1.002363072E+000,4.728953354E-003
      1132,2.701970927E+000,1.003572769E+000,5.027053412E-003
      1133,2.802860067E+000,1.004630459E+000,5.362622906E-003
      1134,2.903547236E+000,1.005426637E+000,5.735673942E-003
      1135,2.903741643E+000,1.995430024E+000,3.504365683E-003
      1136,2.802816210E+000,1.996140217E+000,3.192542354E-003
      1137,2.701600786E+000,1.997222703E+000,2.901948756E-003
      1138,2.600208622E+000,1.998609184E+000,2.604616340E-003
      1139,2.498808651E+000,2.000177223E+000,2.309188480E-003
      1140,2.397542211E+000,2.001809527E+000,2.036487684E-003
      1141,2.296464738E+000,2.003359435E+000,1.804404543E-003
      1142,2.195511097E+000,2.004764981E+000,1.616183203E-003
      1143,2.094554987E+000,2.006057587E+000,1.463144436E-003
      1144,1.993354156E+000,2.007290241E+000,1.336124609E-003
      1145,1.891723744E+000,2.008475037E+000,1.237072283E-003
      1146,1.789559576E+000,2.009473808E+000,1.169169322E-003
      1147,1.686858128E+000,2.010438258E+000,1.122662099E-003
      1148,1.583533329E+000,2.011500761E+000,1.076767920E-003
      1149,1.479612139E+000,2.012928539E+000,9.992414853E-004
      1150,1.375448819E+000,2.015164757E+000,8.544157608E-004
      1151,1.271681393E+000,2.018461117E+000,6.355598453E-004
      1152,1.263019384E+000,1.921140332E+000,6.564292591E-003
      1153,1.252625489E+000,1.822666080E+000,2.951843478E-002
      1154,1.239185901E+000,1.722413496E+000,7.032220066E-002
      1155,1.220472398E+000,1.620303315E+000,1.068185791E-001
      1156,1.193032486E+000,1.519260871E+000,1.166987941E-001
      1157,1.155168472E+000,1.432853312E+000,1.010139138E-001
      1158,1.137097030E+000,1.345548874E+000,7.679625601E-002
      1159,1.112156287E+000,1.241429923E+000,4.052545503E-002
      1160,1.043083309E+000,1.184161665E+000,2.566096000E-002
      1161,1.051999344E+000,1.124221898E+000,1.490315609E-002
      1162,1.058317947E+000,1.048076955E+000,3.990252502E-003
      1163,2.906220665E+000,1.106734665E+000,1.860298589E-002
      1164,2.909743199E+000,1.206751748E+000,4.017064348E-002
      1165,2.913106769E+000,1.305229757E+000,6.670910120E-002
      1166,2.915472520E+000,1.402523606E+000,9.261523187E-002
      1167,2.915909842E+000,1.499359987E+000,1.107043996E-001
      1168,2.914406499E+000,1.596609086E+000,1.079083830E-001
      1169,2.911678259E+000,1.694866694E+000,8.047086000E-002
      1170,2.908627524E+000,1.794277339E+000,4.396655783E-002
      1171,2.905919968E+000,1.894624153E+000,1.601752639E-002
      1172,1.155876429E+000,1.059448638E+000,6.520869210E-003
      1173,1.260411827E+000,1.070255890E+000,8.540138602E-003
      1174,1.366575131E+000,1.079486802E+000,1.060739625E-002
      1175,1.472905437E+000,1.086397598E+000,1.224693842E-002
      1176,1.578688412E+000,1.091105931E+000,1.338090748E-002
      1177,1.683594793E+000,1.094168501E+000,1.412452757E-002
      1178,1.787546441E+000,1.096132870E+000,1.461155713E-002
      1179,1.890620557E+000,1.097406978E+000,1.494161971E-002
      1180,1.992972826E+000,1.098269591E+000,1.518212259E-002
      1181,2.094785804E+000,1.098904004E+000,1.538524404E-002
      1182,2.196282976E+000,1.099470014E+000,1.559806149E-002
      1183,2.297652844E+000,1.100132847E+000,1.586219110E-002
      1184,2.399072349E+000,1.101025300E+000,1.619874872E-002
      1185,2.500618053E+000,1.102183675E+000,1.659631729E-002
      1186,2.602295272E+000,1.103465339E+000,1.702801697E-002
      1187,2.703938743E+000,1.104682102E+000,1.750409231E-002
      1188,2.805389522E+000,1.105702276E+000,1.804129221E-002
      1189,2.804716766E+000,1.895341444E+000,1.531688683E-002
      1190,2.703007386E+000,1.896641765E+000,1.459409390E-002
      1191,2.600980778E+000,1.898420838E+000,1.379654184E-002
      1192,2.498918627E+000,1.900515818E+000,1.292513218E-002
      1193,2.397106045E+000,1.902630990E+000,1.206539571E-002
      1194,2.295604601E+000,1.904580196E+000,1.128621027E-002
      1195,2.194309927E+000,1.906319050E+000,1.060403604E-002
      1196,2.092965644E+000,1.907909216E+000,1.001191884E-002
      1197,1.991254087E+000,1.909338975E+000,9.522628970E-003
      1198,1.888944929E+000,1.910430537E+000,9.174634703E-003
      1199,1.785971901E+000,1.911185754E+000,8.982898667E-003
      1200,1.682286456E+000,1.911771601E+000,8.900800720E-003
      1201,1.577828917E+000,1.912508790E+000,8.818310685E-003
      1202,1.472740572E+000,1.913936135E+000,8.553118445E-003
      1203,1.367452301E+000,1.916683170E+000,7.874472998E-003
      1204,2.808442601E+000,1.205796476E+000,3.963147104E-002
      1205,2.811490951E+000,1.304528573E+000,6.637340784E-002
      1206,2.813404820E+000,1.402206277E+000,9.251458198E-002
      1207,2.813524117E+000,1.499529738E+000,1.107177213E-001
      1208,2.812002882E+000,1.597263659E+000,1.078290120E-001
      1209,2.809563672E+000,1.695854296E+000,8.001711965E-002
      1210,2.806977110E+000,1.795363295E+000,4.315050319E-002
      1211,1.141871121E+000,1.147543197E+000,1.988006011E-002
      1212,1.249864733E+000,1.162247274E+000,2.414262109E-002
      1213,1.357609010E+000,1.174805962E+000,2.890464477E-002
      1214,1.465448418E+000,1.184101977E+000,3.209721670E-002
      1215,1.572674767E+000,1.190269069E+000,3.411080688E-002
      1216,1.678791935E+000,1.194178206E+000,3.535849229E-002
      1217,1.783709195E+000,1.196611561E+000,3.613225743E-002
      1218,1.887538560E+000,1.198131930E+000,3.661768138E-002
      1219,1.990481259E+000,1.199098025E+000,3.693423048E-002
      1220,2.092831970E+000,1.199773303E+000,3.716922179E-002
      1221,2.194860564E+000,1.200357188E+000,3.738980740E-002
      1222,2.296873984E+000,1.201010970E+000,3.764360771E-002
      1223,2.399065143E+000,1.201841036E+000,3.794642538E-002
      1224,2.501508398E+000,1.202815626E+000,3.828187287E-002
      1225,2.604053418E+000,1.203797037E+000,3.864664957E-002
      1226,2.706485415E+000,1.204674323E+000,3.909700364E-002
      1227,2.704845640E+000,1.796730965E+000,4.221935198E-002
      1228,2.602162794E+000,1.798738009E+000,4.114028811E-002
      1229,2.499406734E+000,1.801053012E+000,3.993070126E-002
      1230,2.396948890E+000,1.803338749E+000,3.870079666E-002
      1231,2.294904437E+000,1.805457097E+000,3.753286973E-002
      1232,2.193108495E+000,1.807395632E+000,3.645434976E-002
      1233,2.091230133E+000,1.809125507E+000,3.549481928E-002
      1234,1.988907005E+000,1.810482848E+000,3.472548351E-002
      1235,1.885901715E+000,1.811305576E+000,3.423087299E-002
      1236,1.782094804E+000,1.811614169E+000,3.401831165E-002
      1237,1.677376452E+000,1.811694605E+000,3.395057470E-002
      1238,1.571709642E+000,1.812017765E+000,3.384887055E-002
      1239,1.465102123E+000,1.813310996E+000,3.347129375E-002
      1240,1.358083757E+000,1.816523238E+000,3.235453367E-002
      1241,2.708819572E+000,1.303793784E+000,6.606701016E-002
      1242,2.710111351E+000,1.402093709E+000,9.244773537E-002
      1243,2.709956874E+000,1.500151038E+000,1.107552648E-001
      1244,2.708614009E+000,1.598528889E+000,1.077168807E-001
      1245,2.706685026E+000,1.697516542E+000,7.941160351E-002
      1246,1.238290102E+000,1.254520006E+000,4.991128296E-002
      1247,1.346969252E+000,1.271309234E+000,5.645303056E-002
      1248,1.457049849E+000,1.283379548E+000,6.006101146E-002
      1249,1.566354489E+000,1.290929017E+000,6.233166158E-002
      1250,1.673945714E+000,1.295524944E+000,6.367728859E-002
      1251,1.779881510E+000,1.298305356E+000,6.446484476E-002
      1252,1.884455852E+000,1.299957170E+000,6.491453946E-002
      1253,1.988012967E+000,1.300909371E+000,6.515882164E-002
      1254,2.090897794E+000,1.301440544E+000,6.528986990E-002
      1255,2.193489896E+000,1.301785444E+000,6.538377702E-002
      1256,2.296131979E+000,1.302106011E+000,6.548435241E-002
      1257,2.399046655E+000,1.302490293E+000,6.559839100E-002
      1258,2.502236171E+000,1.302890932E+000,6.570979953E-002
      1259,2.605496195E+000,1.303230140E+000,6.584490091E-002
      1260,2.603517860E+000,1.699416297E+000,7.870302349E-002
      1261,2.500159709E+000,1.701548157E+000,7.793033123E-002
      1262,2.397106101E+000,1.703668787E+000,7.712227106E-002
      1263,2.294492435E+000,1.705681236E+000,7.632894814E-002
      1264,2.192146636E+000,1.707531081E+000,7.557927072E-002
      1265,2.089716922E+000,1.709088063E+000,7.491835207E-002
      1266,1.986829790E+000,1.710148158E+000,7.441689074E-002
      1267,1.883204599E+000,1.710555788E+000,7.414138317E-002
      1268,1.778622969E+000,1.710382263E+000,7.405894995E-002
      1269,1.672910492E+000,1.709883246E+000,7.404083014E-002
      1270,1.565727799E+000,1.709526364E+000,7.394458354E-002
      1271,1.456692953E+000,1.710140823E+000,7.356976718E-002
      1272,1.346375211E+000,1.713374799E+000,7.286161184E-002
      1273,2.606156723E+000,1.402256936E+000,9.242378920E-002
      1274,2.605813513E+000,1.501148069E+000,1.108173355E-001
      1275,2.604734391E+000,1.600240105E+000,1.075842306E-001
      1276,2.501016324E+000,1.601935702E+000,1.074532792E-001
      1277,2.397549009E+000,1.603609631E+000,1.073227152E-001
      1278,2.294500114E+000,1.605204269E+000,1.071882918E-001
      1279,2.191716671E+000,1.606642444E+000,1.070606709E-001
      1280,2.088865657E+000,1.607772979E+000,1.069499552E-001
      1281,1.985575623E+000,1.608395781E+000,1.068672910E-001
      1282,1.881507135E+000,1.608372009E+000,1.068330258E-001
      1283,1.776361629E+000,1.607689305E+000,1.068664417E-001
      1284,1.669695649E+000,1.606424601E+000,1.069740579E-001
      1285,1.560618446E+000,1.604759518E+000,1.070647761E-001
      1286,1.447805882E+000,1.603336844E+000,1.067985073E-001
      1287,1.330269062E+000,1.604401661E+000,1.066197380E-001
      1288,1.234587794E+000,1.343598114E+000,8.180032670E-002
      1289,1.333435119E+000,1.370476873E+000,8.693857491E-002
      1290,1.448171525E+000,1.385513348E+000,8.894571662E-002
      1291,1.560800052E+000,1.393597670E+000,9.078772366E-002
      1292,1.670104317E+000,1.398276739E+000,9.169383347E-002
      1293,1.776962230E+000,1.401036227E+000,9.217713773E-002
      1294,1.882145447E+000,1.402601844E+000,9.242087603E-002
      1295,1.986175774E+000,1.403362158E+000,9.251776338E-002
      1296,2.089472478E+000,1.403581971E+000,9.253820777E-002
      1297,2.192445728E+000,1.403481752E+000,9.252939373E-002
      1298,2.295459531E+000,1.403239064E+000,9.250830114E-002
      1299,2.398745354E+000,1.402939187E+000,9.247690439E-002
      1300,2.502263077E+000,1.402581701E+000,9.244036674E-002
      1301,2.501766722E+000,1.502251809E+000,1.109029949E-001
      1302,1.303087242E+000,1.479705071E+000,1.098549813E-001
      1303,1.225927713E+000,1.413756663E+000,9.984745085E-002
      1304,2.398167085E+000,1.503297178E+000,1.110037342E-001
      1305,2.294933192E+000,1.504270925E+000,1.111006588E-001
      1306,2.191930103E+000,1.505114891E+000,1.111827046E-001
      1307,2.088877079E+000,1.505702243E+000,1.112401560E-001
      1308,1.985419358E+000,1.505853100E+000,1.112661436E-001
      1309,1.881189524E+000,1.505399610E+000,1.112580970E-001
      1310,1.775775473E+000,1.504183313E+000,1.112352833E-001
      1311,1.668494788E+000,1.501984166E+000,1.112034768E-001
      1312,1.557877941E+000,1.498330275E+000,1.111070439E-001
      1313,1.440656343E+000,1.492484595E+000,1.107952818E-001
